Index	Description	nuclei....in.nuclei	nuclei....in.green	nuclei....in.red	nuclei....in.black	Main.nuclei.total_intensity_DCP1A_P.bodies.Mean	Main.nuclei.mean_intensity_DCP1A_P.bodies.Mean	Main.nuclei.total_intensity_DCP1A_P.bodies.nuc.Mean	Main.nuclei.mean_intensity_DCP1A_P.bodies.nuc.Mean	Main.nuclei.total_intensity_DCP1A_cytoplasm.Mean	Main.nuclei.mean_intensity_DCP1A_cytoplasm.Mean	Main.nuclei.total_intensity_P.bodies_all.Mean	Main.nuclei.mean_intensity_P.bodies_all.Mean	Main.nuclei.P.bodies_count.Mean	Main.nuclei.P.bodies.nuc_count.Mean	Main.green.total_intensity_DCP1A_P.bodies.Mean	Main.green.mean_intensity_DCP1A_P.bodies.Mean	Main.green.total_intensity_DCP1A_P.bodies.nuc.Mean	Main.green.mean_intensity_DCP1A_P.bodies.nuc.Mean	Main.green.total_intensity_DCP1A_cytoplasm.Mean	Main.green.mean_intensity_DCP1A_cytoplasm.Mean	Main.green.total_intensity_P.bodies_all.Mean	Main.green.mean_intensity_P.bodies_all.Mean	Main.green.P.bodies_count.Mean	Main.green.P.bodies.nuc_count.Mean	Main.red.total_intensity_DCP1A_P.bodies.Mean	Main.red.mean_intensity_DCP1A_P.bodies.Mean	Main.red.total_intensity_DCP1A_P.bodies.nuc.Mean	Main.red.mean_intensity_DCP1A_P.bodies.nuc.Mean	Main.red.total_intensity_DCP1A_cytoplasm.Mean	Main.red.mean_intensity_DCP1A_cytoplasm.Mean	Main.red.total_intensity_P.bodies_all.Mean	Main.red.mean_intensity_P.bodies_all.Mean	Main.red.P.bodies_count.Mean	Main.red.P.bodies.nuc_count.Mean	Main.black.total_intensity_DCP1A_P.bodies.Mean	Main.black.mean_intensity_DCP1A_P.bodies.Mean	Main.black.total_intensity_DCP1A_P.bodies.nuc.Mean	Main.black.mean_intensity_DCP1A_P.bodies.nuc.Mean	Main.black.total_intensity_DCP1A_cytoplasm.Mean	Main.black.mean_intensity_DCP1A_cytoplasm.Mean	Main.black.total_intensity_P.bodies_all.Mean	Main.black.mean_intensity_P.bodies_all.Mean	Main.black.P.bodies_count.Mean	Main.black.P.bodies.nuc_count.Mean	X
1	A1	769	395	323	28	5409	280	909.3	13.25	112800	52.79	6318	157.3	1.501	0.7828	3935	242.8	1271	18.74	124500	57.13	5206	132.1	1.033	0.7696	7270	336.2	536.3	7.643	100400	49.35	7807	191.3	2.062	0.7585	3775	164.5	432.6	5.011	60750	26.88	4208	131.6	1.179	1.143	NA
2	A2	942	397	526	4	8057	360.5	857.6	11.88	167000	79.31	8914	195.9	2.122	0.9098	5298	290.1	1336	18.13	197400	87.83	6634	140.5	1.38	0.995	10100	415.5	506.9	7.288	145500	72.79	10600	239.8	2.677	0.8327	4769	251	764.8	7.99	50180	45.4	5534	47.48	0.75	2	NA
3	A3	292	141	137	11	5787	298.2	939.7	12.37	126000	62.32	6727	175.1	1.726	0.8048	4974	288.5	1377	17.35	139700	70.37	6351	151.1	1.39	0.9007	6725	308	558.5	8.203	116100	56.87	7283	193	2.131	0.7299	5473	315.1	192.5	1.943	76370	31.97	5666	270.5	1.273	0.4545	NA
4	A4	357	140	198	3	6333	291.3	895.2	12.4	156400	73.92	7228	161.8	1.804	0.8599	4494	266.6	1171	15.39	184300	87.9	5665	151.7	1.364	0.8929	7705	316.9	727.9	10.64	137500	63.35	8433	174.7	2.131	0.8485	0	0	489.3	8.092	20000	24.42	489.3	8.092	0	0.6667	NA
5	A5	290	186	90	3	4245	212.3	1081	14.72	88750	80.51	5326	116.8	1.39	0.8931	3346	191.7	1407	18.39	102400	92.09	4753	97.66	1.07	0.9516	6454	266.2	514.2	8.376	70000	62.55	6969	165.6	2.144	0.7889	285.3	57.07	220	2.268	17250	35.9	505.3	5.003	0.3333	0.6667	NA
6	A6	806	349	384	52	5133	263.6	850.7	11.45	101500	46.43	5984	143.8	1.417	0.8648	2423	162.8	1422	18.89	113900	51.07	3845	90.81	0.6934	0.914	7513	353.1	425.8	5.868	96000	45.33	7939	191	2.078	0.8021	5716	290.6	303.1	4.869	63930	27.24	6019	138.4	1.423	1.096	NA
7	A7	469	183	269	10	6160	326.5	825.4	11.64	120700	56.11	6986	176.9	1.676	0.8657	3521	215.7	1138	15.61	133800	62.58	4659	122.8	1.158	0.8634	8170	406.5	628.6	9.183	115300	53.24	8799	215.7	2.086	0.8513	2998	219	544.2	6.044	52690	33.05	3542	122.3	1	1.3	NA
8	A8	264	123	126	2	5344	273.2	914.5	13.05	129300	64.53	6258	157.5	1.523	0.8523	5509	272.1	1153	17.11	127100	70.54	6662	162.6	1.341	0.9675	4885	256.9	614.3	8.454	121100	55.5	5500	148.2	1.627	0.7222	8820	409.6	0	0	28410	30.45	8820	409.6	2.5	0	NA
9	A9	353	144	182	7	5364	275	916.6	13.57	130000	60.37	6280	148.9	1.487	0.8074	4625	239.9	1184	17.45	156000	66.94	5809	123	1.104	0.875	5382	277.5	720.8	11.27	108500	53.85	6102	149.9	1.709	0.7527	4351	298.5	336.4	3.918	76560	29.28	4687	239.1	1	0.5714	NA
10	A10	357	131	200	12	5576	259.1	883.2	11.56	126100	59.03	6459	123.5	1.754	0.8459	3852	220.9	1226	15.93	139200	63.53	5078	88.43	1.099	0.9389	6742	290.6	718.3	9.529	109800	55.24	7460	150	2.17	0.805	4934	247.2	354.9	4.057	75940	34.37	5289	97.85	1.417	0.8333	NA
11	A11	244	113	120	4	4395	234.8	954.6	14.05	119500	59.37	5349	161.2	1.213	0.7787	3343	167.4	1289	20.77	156900	69.92	4632	116	0.9469	0.7965	5315	296.7	669.3	8.398	87440	50.11	5984	206.7	1.442	0.75	5412	384.8	309.3	6.615	60120	28	5722	93.63	0.75	1.25	NA
12	A12	311	114	182	7	4609	261.7	752.4	10.65	93740	48.5	5361	125.3	1.395	0.91	3572	207.1	1192	15.5	115900	53.95	4764	82.74	1	1.053	5401	294.3	504	7.925	75130	44.01	5905	148.5	1.687	0.8077	1424	151.5	442	5.079	75560	31.05	1866	42.13	0.7143	1.571	NA
13	A13	506	181	277	21	5155	280	982.6	12.7	105500	49.06	6137	145.7	1.48	0.917	3637	251.8	1604	19.64	126600	56.24	5241	128	0.9337	0.989	6258	308.5	636.9	8.358	95680	46.65	6895	166.1	1.881	0.852	5044	315.9	517.3	7.618	52010	26.98	5561	73.8	1.095	1.333	NA
14	A14	494	242	222	12	4130	242.3	793.9	10.35	107600	49.37	4924	136.5	1.184	0.83	2438	189.1	1076	14.33	118900	54.62	3514	84.65	0.657	0.8512	5665	298.5	498.7	6.262	96620	45.07	6164	195.9	1.734	0.7432	7293	268.9	464	6.978	68890	33.11	7757	100.6	1.917	1.417	NA
15	A15	503	206	279	10	6057	300.2	993.2	13.43	111500	52.82	7050	154.7	1.555	0.9364	4014	263.2	1576	20.36	126200	56.45	5589	133	0.9854	1.053	7831	337.9	593.1	8.788	103800	51.65	8424	177.4	2.025	0.8566	1336	152.5	636.2	6.232	49860	27.06	1972	41.47	0.5	0.9	NA
16	A16	331	161	155	4	5280	253	949.6	13.35	147500	66.61	6229	134.9	1.465	0.8792	3510	211.2	1394	19.71	162400	73.13	4904	120.3	1.006	0.913	6885	296.4	524.9	7.332	132700	59.53	7410	148.7	1.871	0.7935	5286	207.3	164	4.102	43610	27.67	5450	159	2	1.5	NA
17	A17	421	221	187	4	4790	252	1229	16.07	107300	51.86	6019	114.3	1.316	1.005	3636	200.8	1499	19.29	113900	55.6	5134	92.01	1.032	1.059	6166	313.6	792.3	10.94	103900	48.57	6958	140.7	1.679	0.9305	2754	182.2	367.5	5.179	30230	36.24	3122	140.8	1	1.25	NA
18	A18	275	133	139	2	4670	240.7	806.6	11.31	120400	56.94	5477	125.2	1.295	0.9055	2143	141.3	1111	15.35	137600	64.6	3254	81.13	0.6692	1.008	7189	341.1	527.9	7.573	106000	50.45	7717	170	1.921	0.8129	0	0	341	7.598	39970	19.77	341	7.598	0	1	NA
19	A19	142	47	86	3	4096	224.4	1052	14.64	131800	59.31	5148	102.1	1.472	0.9366	4065	198	1311	15.36	150800	68.84	5376	91.53	1.362	0.9574	4111	250	916	14.57	124100	54.55	5027	111.2	1.512	0.9419	0	0	113	2.306	61470	28.79	113	2.306	0	0.3333	NA
20	A20	199	76	110	6	4669	221.7	767.1	11.62	93900	49.58	5436	135.1	1.427	0.804	3807	188.6	1013	15.17	102200	52.53	4820	102.2	0.8947	0.8553	5214	254.9	584.8	9.389	81510	45.77	5799	166.4	1.655	0.7455	3098	138.6	427.7	6.868	59240	29.26	3525	57.77	1.5	1	NA
21	A21	344	225	90	0	11170	381.5	1148	15.5	350900	153.7	12320	216.4	2.953	1.015	9352	345.4	1250	16.92	377100	161.7	10600	179.8	2.711	1.076	13300	408.4	998.1	13.76	286600	135.8	14300	278.4	3.278	0.8667	0	0	0	0	0	0	0	0	0	0	NA
22	A22	353	208	117	0	9901	382.4	1267	17.44	221800	102.6	11170	212.4	2.49	0.9065	7991	332	1232	16.73	228600	102.9	9222	178.3	2.096	0.9663	13180	465.9	959.9	15.99	217800	100.8	14140	265.5	3.137	0.7778	0	0	0	0	0	0	0	0	0	0	NA
23	A23	725	339	351	14	6197	315.7	1118	15.67	107100	62.88	7315	163.2	1.535	0.9614	3678	200.6	1700	24.03	115000	66.09	5377	110.7	1.021	0.944	8718	426.1	616.1	8.414	104300	61.23	9334	218.1	2.074	0.9573	1720	86.14	426.3	6.066	29680	17.93	2147	59.16	0.4286	1.143	NA
24	A24	610	198	316	28	81.01	3.927	777.2	10.43	34680	14.19	858.2	11.93	0.02131	0.7984	190.5	8.307	1613	21.93	59230	23.48	1803	26.03	0.0404	0.7475	30.85	2.052	298.8	4.182	20500	8.701	329.7	4.496	0.01266	0.8259	0	0	964.1	10.27	31270	14.26	964.1	10.27	0	0.8929	NA
25	B1	1119	466	613	13	7202	331.2	918.7	13	121200	71.32	8121	175.6	1.91	0.8695	4298	255	1368	18.96	141500	81.13	5666	136.3	1.099	0.9056	9447	393	606.8	8.894	108600	65.42	10050	208.9	2.527	0.8189	5465	318.3	547.6	7.753	67460	35.56	6013	86.02	1.462	1.308	NA
26	B2	1059	514	513	16	7419	325.5	1079	15.13	146700	76.24	8498	167.5	1.916	1.019	5093	245.5	1522	21.08	175100	85.9	6615	118.3	1.37	1.121	9990	415.1	681.5	9.728	120900	68.32	10670	220.8	2.507	0.9142	2713	173.9	415.5	7.142	92000	32.73	3128	116.8	1.062	1.187	NA
27	B3	312	117	180	9	4838	241.3	1043	14.17	134800	57.5	5881	132.8	1.603	0.9103	3059	215.6	1816	24.15	176900	73.3	4875	117	1.034	0.9145	6121	261.1	574.6	8.084	111600	47.85	6695	145.3	2.011	0.85	2322	164.6	667.1	7.818	63940	39.03	2989	93.03	0.6667	2.111	NA
28	B4	270	128	122	1	583.6	33.52	1123	16.34	201000	87.11	1707	31.72	0.2926	0.9704	653	38.2	1665	22.9	238600	98.89	2318	37.52	0.2266	1.07	503.1	29.83	554.8	9.664	164100	74.4	1058	24.43	0.3525	0.8443	0	0	0	0	135400	44.29	0	0	0	0	NA
29	B5	572	314	225	17	4597	226.4	1434	18.98	170400	73.2	6031	125.9	1.301	1.002	2846	145.8	2094	27.68	199800	81.87	4939	88.89	0.8599	1.118	6111	311.8	643.4	8.403	131200	61.79	6754	157.3	1.693	0.84	11630	434	367	6.186	126600	53.53	12000	253.7	2.647	0.8824	NA
30	B6	407	200	189	5	7138	289.1	1363	17.85	140500	64.91	8501	173	1.853	0.8796	3721	179.5	1933	24.46	152300	70.7	5655	109.8	1.03	0.915	11140	413.5	826.6	11.85	133400	60.36	11970	246.1	2.831	0.836	2072	119.4	301.4	3.204	41470	30.9	2374	49.19	0.6	0.6	NA
31	B7	142	66	58	4	4807	268	858.7	11.55	135500	58.66	5665	118.5	1.352	0.8732	2593	198.6	1170	14.76	133400	63.39	3764	83.18	0.9091	0.8485	7383	356.8	646.5	9.56	144800	56.43	8030	138.8	1.948	0.931	3940	303	182.2	3.847	65400	28.18	4122	306.9	0.5	0.5	NA
32	B8	278	137	130	4	4047	225	1208	18.18	134900	58.09	5256	125.3	1.471	0.8381	3361	208.3	1876	27.63	169300	73.52	5237	111.9	1.182	0.8467	4673	242.8	521.2	8.392	95570	41.19	5194	134.4	1.769	0.8231	7312	406.5	0	0	60780	28.81	7312	406.5	1.5	0	NA
33	B9	371	192	167	3	6830	290.5	1225	17.17	176500	89.93	8054	161.4	2.022	0.9218	3479	213.9	1706	23.17	193100	98.04	5185	116.8	1.167	0.9844	10710	381.9	704.2	10.97	161200	81.24	11420	213.6	2.988	0.8683	1398	77.65	198.7	2.258	40130	21.64	1596	79.91	0.6667	0.6667	NA
34	B10	406	200	194	3	5927	307.3	1390	18.92	163100	67.41	7317	176	1.611	0.9261	3464	222.9	2173	28.97	211800	80.54	5637	113.6	1.04	0.995	8142	384.9	644.1	9.397	110000	53.15	8786	231.1	2.119	0.8711	10700	416.3	248	4.003	125600	35.64	10950	290.9	2.667	0.6667	NA
35	B11	330	167	140	12	3054	183.6	1672	20.77	134300	57.08	4726	106.8	1.103	0.9061	2368	148.3	2654	34.4	171500	72.46	5021	91.31	0.9042	0.9222	3578	208.4	709.3	7.151	96280	41.88	4287	119.6	1.343	0.8429	2117	146.8	315	3.883	60470	32.25	2432	55.3	0.6667	1.083	NA
36	B12	102	61	28	3	3032	152.8	1027	12.2	153000	62.15	4059	86.13	1.127	1.088	1985	145.1	1108	14.64	156800	64.03	3093	86.2	0.8361	1.164	5434	144.3	829	7.689	121300	50.66	6263	86.37	1.714	0.8214	2691	123.7	652.7	3.864	59540	40.46	3344	97.97	2	1.333	NA
37	B13	638	268	339	16	7814	378.7	1501	18.32	130100	51.03	9314	180.1	1.766	1.082	4115	281.6	2563	29.84	171000	62.22	6678	111.1	1.067	1.19	10700	453.2	749.7	10.37	102300	43.48	11450	232.8	2.336	0.9853	10720	577.4	525.1	6.935	82620	33.37	11250	279.7	2	1.312	NA
38	B14	99	61	29	3	5947	282.3	1889	26.11	211100	88.34	7836	166	1.394	1.04	4237	259.8	2041	29.52	220700	88.78	6278	155.3	1.033	1.016	8728	325.6	1457	16.21	165800	84.93	10180	198.2	2	1	2432	122.4	872.3	18.24	61630	37.73	3304	103.8	1	1.333	NA
39	B15	366	195	149	11	3295	203.1	1500	19.37	135700	62.23	4795	89.59	0.9481	1.085	2008	126	2056	27.68	145800	61.22	4065	64.8	0.6205	1.123	4994	311.9	800	8.878	128100	66.58	5794	126.4	1.369	0.9866	2950	162.8	340.4	5.629	57000	26.39	3291	47.15	0.9091	1.182	NA
40	B16	495	197	269	13	3748	211.8	899.8	13.1	115200	52.49	4648	98.03	1.24	0.9354	2276	151.9	1566	22.51	156500	68.47	3842	75.12	0.9086	1	4976	264.8	431.1	6.339	87440	40.17	5407	119.3	1.509	0.855	3127	99.31	446.5	4.894	62410	30.65	3573	52.51	0.8462	1.462	NA
41	B17	399	200	187	1	5850	327.8	1834	23.57	147500	63.77	7684	174.5	1.296	1.028	5011	265.8	2980	37.64	182400	73.96	7990	149.4	1.12	1.135	6391	384.8	657.8	9.009	107900	51.67	7049	198	1.428	0.9144	0	0	0	0	13390	16.37	0	0	0	0	NA
42	B18	621	324	268	19	3491	213	1156	14.97	106200	50.03	4647	106.5	1.101	0.9775	2376	175.6	1835	23.45	123700	55.82	4211	90.39	0.6821	1.034	4758	255.6	403.8	5.461	88600	44.27	5162	127.5	1.586	0.8433	3539	204.6	458.9	6.406	65180	28	3998	84.78	1	1.579	NA
43	B19	489	241	228	11	5758	298	1557	19.71	141600	56.78	7315	158.7	1.491	0.9387	3813	215.3	2606	32.41	161900	66.58	6418	117.8	0.888	1.041	7264	376.4	550.2	7.446	121900	46.63	7814	190.3	2.061	0.8421	5755	345	414.9	5.171	66630	28.61	6170	170.8	1.364	0.8182	NA
44	B20	244	144	84	5	3922	225.5	2403	27.69	175900	75.73	6325	107.3	1.123	1.164	2375	166.1	2868	34.53	187200	81.31	5243	88.49	0.7292	1.215	6672	326.5	1890	19.39	147400	66.38	8561	140.5	1.821	1.131	0	0	481.4	7.287	43020	21.65	481.4	7.287	0	1.2	NA
45	B21	618	331	245	0	9135	375.3	1485	20.36	208000	83.65	10620	190.4	2.456	1.066	6290	307.1	1907	25.64	224000	89.71	8197	147.5	1.846	1.124	13170	477.3	1031	14.45	186000	75.74	14200	254.8	3.273	0.9837	0	0	0	0	0	0	0	0	0	0	NA
46	B22	397	237	137	0	1789	85	1235	16.43	289700	117.8	3025	55.78	0.6776	1.086	1860	77.56	1536	20.98	314800	131	3396	57.8	0.6793	1.105	1788	96.85	732.9	8.872	245100	90.5	2521	56.41	0.6496	1.029	0	0	0	0	0	0	0	0	0	0	NA
47	B23	695	366	323	2	7728	347.9	875.8	12.37	196100	94.12	8604	183.2	1.977	0.9108	4636	236.7	1155	16.3	216000	107.9	5791	119	1.388	0.9727	11170	473.5	565.2	8.011	174100	78.95	11730	256.2	2.647	0.8421	0	0	152.5	3.245	39420	29.76	152.5	3.245	0	0.5	NA
48	B24	586	162	281	32	63.74	4.456	630.2	8.232	25370	12.06	694	11.67	0.01877	0.7133	114.2	10.66	1503	19.51	50990	22.72	1618	28.27	0.02469	0.7099	58.05	1.646	227.2	3.04	12560	6.724	285.2	3.841	0.01779	0.7438	68.28	11.38	810.5	11.42	32270	15.19	878.8	22.8	0.03125	0.7812	NA
49	C1	1004	430	551	5	8961	390	940.6	13.2	172800	86.52	9902	201.8	2.228	0.9054	5976	318.2	1372	19.75	209700	98.81	7348	153.2	1.416	0.9209	11200	446.3	607.8	8.214	143000	77.26	11800	239.8	2.849	0.8802	6425	413.7	408.2	5.671	65530	29.62	6833	195.7	1.2	1.2	NA
50	C2	990	466	503	8	8201	357.4	1128	15.29	197500	94.24	9330	177.8	2.065	1.028	4474	250.7	1696	21.65	250600	113.2	6170	126.8	1.24	1.075	11640	458.9	625.8	9.754	148700	77.28	12270	225	2.827	0.9742	10980	496	814	7.013	106200	43.53	11800	290.3	1.875	1.625	NA
51	C3	571	318	244	4	5317	275	1134	15.26	158800	60.62	6451	152.8	1.58	0.9072	4176	254.4	1504	20.22	199200	72.98	5680	138.9	1.148	0.9497	6704	301.6	594.4	8.553	107200	44.76	7299	173	2.135	0.8361	4244	225.7	594.8	8.079	85400	37.31	4839	51.73	0.75	1.5	NA
52	C4	589	253	308	17	2329	128.9	1318	17.09	94760	35.06	3647	74.23	1.377	0.9983	2412	144.9	2475	31.74	146000	51.45	4887	89.39	1.265	1.043	2252	115.9	435	5.994	58000	22.74	2687	60.78	1.461	0.961	2788	145.5	578.2	6.186	35950	22.49	3366	108.4	1.471	0.8824	NA
53	C5	263	96	153	4	5656	266.9	975	13.54	148600	60.07	6631	145.1	1.783	0.9582	3088	188.9	1664	23.24	205000	75.89	4753	102.5	1.156	0.9687	6963	316.4	508.1	7.37	111400	49.57	7471	170.8	2.052	0.9085	4487	212.5	648.5	4.563	62850	26.36	5135	139.7	1.75	2	NA
54	C6	360	169	184	2	6210	279.6	1140	15.82	220300	89.42	7350	164.2	1.661	0.8056	2852	175.5	1435	21.41	263100	103.3	4287	77.61	0.8817	0.8757	9423	380.8	850	10.31	184900	77.74	10270	246.1	2.397	0.7391	3272	192.5	103.5	2.654	227700	38.37	3376	195.2	1.5	0.5	NA
55	C7	91	42	40	1	3665	262.5	1348	18.99	191100	80.3	5013	117.3	0.9341	0.9451	2984	228.1	1245	16.78	199400	86.91	4230	116.9	0.881	1.048	4847	315.5	1550	21.52	199600	75.82	6397	134.5	1.075	0.875	938	93.8	924	5.634	34640	68.58	1862	10.76	1	1	NA
56	C8	356	143	196	4	5273	267.2	1326	17.86	154500	72.43	6599	150.1	1.68	0.9157	2160	159.1	2175	27.76	193900	85.1	4335	96.66	0.8741	0.993	7561	347.3	632.6	9.182	130900	64.3	8194	194.2	2.219	0.8214	8358	190.9	444.5	6.005	78030	33.85	8802	82.79	3.75	0.75	NA
57	C9	491	220	253	11	5357	258.4	1271	16.93	184300	68.35	6628	148.7	1.692	0.888	2997	180.9	2246	29.03	239000	88.7	5243	106	0.9182	0.9909	7157	315	471.9	6.964	141200	52.06	7628	184.8	2.375	0.7787	11110	525.9	620.1	9.81	72300	31.46	11730	212.1	1.545	1.273	NA
58	C10	306	195	84	1	4592	280.5	1124	14.53	200700	83.59	5716	113.9	0.9837	1.111	3008	202.3	1118	14.12	178100	75.34	4126	81.04	0.6769	1.097	7777	442.5	1214	15.33	226300	92.34	8990	198.8	1.643	1.131	0	0	0	0	9256	13.43	0	0	0	0	NA
59	C11	414	149	235	10	9281	371.6	715.4	9.33	114800	54.51	9997	195.7	2.44	1	6414	358.6	887.9	12.57	115400	56.83	7302	169	1.483	1.067	11170	374	589	7.418	116700	54	11760	212.8	3.14	0.9362	3656	211.2	635.3	6.779	62060	26.8	4292	133.6	1.1	1.2	NA
60	C12	412	215	175	7	3401	165.2	1341	17.91	117200	52.74	4742	88.46	1.694	1.092	2958	149.9	2047	27.54	156900	64.86	5005	89.84	1.419	1.153	3848	182.2	518.7	6.958	71140	38.32	4367	87.23	2.017	1.011	5387	168.3	450.4	5.283	78410	33.79	5838	49.54	2.286	1.571	NA
61	C13	278	157	101	5	7792	371.2	815.1	11.9	204300	94.63	8607	192	1.633	0.9029	5420	292.7	968.5	14.57	183500	86.34	6388	130.3	1.146	0.9236	11800	512.8	576.2	8.124	254200	110.2	12380	300.1	2.545	0.7921	917.2	119.6	231.6	3.712	14220	14.54	1149	123.3	0.4	0.8	NA
62	C14	517	275	222	8	3644	186.1	1160	16.01	241900	87.07	4804	121.1	0.9942	0.853	1529	99.38	1825	24.56	300500	107.8	3354	72.38	0.5127	0.9855	5703	286.8	340	5.344	170000	63.5	6043	174.1	1.509	0.6757	2765	88.82	806	10.17	56130	23.74	3571	34.41	1.125	1	NA
63	C15	429	233	176	7	6331	306.3	1782	23.39	214300	84.06	8113	170.7	1.737	0.9277	4218	238.8	2425	31.42	244500	94.12	6642	144.5	1.206	0.9356	9318	389.9	926.9	12.94	174500	70.48	10240	213.1	2.477	0.892	4719	486.5	450.9	6.688	85400	38.82	5170	116.5	0.8571	1	NA
64	C16	556	345	185	13	9991	440.9	1009	14	176400	70.65	11000	218.2	2.18	1.054	8599	421.3	1118	15.75	189400	76.86	9717	199	1.872	1.128	13400	504.8	876	11.55	165100	63.01	14270	273.3	2.908	0.9351	2957	177.9	355.8	4.652	70900	27.44	3312	65.09	1.077	0.6923	NA
65	C17	422	180	223	4	5466	256.2	919.9	14.12	115500	42.67	6386	140.5	2.114	0.9265	6936	308	1629	25.39	181300	63.2	8564	163.5	2.233	1.011	4483	217.3	400.8	5.793	62270	25.33	4884	120.6	2.094	0.8789	1770	108.5	286.8	3.923	39620	30.22	2057	20.24	1	0.75	NA
66	C18	233	126	96	0	8051	384	1339	19.17	211600	81.59	9390	222.4	1.764	0.8155	6158	359.3	1717	26.18	219200	84.98	7875	194.1	1.317	0.8254	10430	401.2	781.8	9.763	196300	73.34	11210	260.2	2.417	0.7917	0	0	0	0	0	0	0	0	0	0	NA
67	C19	450	299	113	0	7763	312.8	1740	22.01	276700	107.4	9503	157.6	1.758	1.1	4893	243.7	2093	26.75	296300	112.7	6986	114	1.278	1.201	13670	466.1	1106	12.89	208200	87.86	14780	242.8	2.717	0.9115	0	0	0	0	0	0	0	0	0	0	NA
68	C20	371	180	146	0	4510	249.3	1758	22.32	220200	103.5	6268	144.1	1.272	1.013	2976	193.4	2255	29.51	241200	112.6	5232	128.6	0.8333	1.106	5854	310.5	1186	14.65	166700	81.75	7041	168	1.479	0.911	0	0	0	0	0	0	0	0	0	0	NA
69	C21	494	251	231	4	5924	292	1440	18.09	169800	65.52	7364	149.1	1.609	1.057	3297	227.8	2089	26.07	212500	79.66	5386	99.59	0.9243	1.195	8641	356.5	784	9.933	125100	50.49	9425	200.5	2.346	0.8961	5383	275.2	362.5	5.617	73190	26.14	5745	173.3	1.5	1.25	NA
70	C22	680	240	401	21	2229	137.4	1098	14.19	78860	31.33	3327	71.89	1.318	1.088	2528	164.4	2288	29.71	128700	50.62	4816	91.3	1.308	1.187	2112	125.6	417	5.597	51640	20.55	2529	62.8	1.349	1.017	1619	85.15	809.3	6.909	48520	20.83	2428	44.55	1.048	1.333	NA
71	C23	1059	520	507	1	9918	383.5	1163	16.21	194700	98.94	11080	185.3	2.406	1.061	5760	262.9	1570	22.29	208700	105	7330	132.5	1.465	1.075	14230	506.5	757.6	10.26	182200	93.35	14990	239.7	3.357	1.051	8529	1218	610	11.09	46460	27.85	9139	149.8	1	1	NA
72	C24	629	262	317	27	106.6	10.27	818.6	10.46	36190	13.77	925.2	18.3	0.02544	0.9793	33.91	3.016	1519	19.53	60920	21.62	1553	20.12	0.01145	1.034	166.1	17.58	334.7	4.103	16200	7.78	500.8	19.04	0.03785	0.9653	204.4	3.524	241.6	3.29	29640	9.583	446	4.89	0.03704	0.9259	NA
73	D1	822	413	389	5	6640	323.3	1020	13.51	174800	89.32	7661	171	1.797	0.91	3902	245.7	1520	19.66	201400	98.48	5422	119.7	1.051	0.9927	9708	411.5	485.3	6.859	152000	81.18	10190	227.7	2.617	0.8278	3274	232.8	513	7.115	46340	32.94	3787	65.06	0.8	1.2	NA
74	D2	847	435	399	0	9041	342.2	1033	13.97	250300	111.3	10070	176.8	2.485	1.065	4926	239.6	1396	19.07	285600	124.6	6323	121.8	1.556	1.131	13500	455.7	641.2	8.551	210800	96.09	14150	237.8	3.476	0.9925	0	0	0	0	0	0	0	0	0	0	NA
75	D3	295	63	136	70	7542	288.3	759.2	9.849	153000	56.21	8301	145.5	1.712	1.132	2879	172.5	1376	16.31	216000	79.54	4255	101.2	1	1.127	13250	441.8	615.3	8.478	168000	60.83	13860	230.7	2.838	1.074	2633	144.3	494.4	6.772	80090	28.9	3128	56.56	0.5286	1.286	NA
76	D4	462	187	206	3	378.4	27.26	1233	15.47	277700	101.4	1611	25.43	0.2381	1.093	359.2	28.61	2443	30.79	357200	121.5	2802	37.25	0.2193	1.214	398.3	25.1	361.8	4.446	182800	71.99	760.1	18.28	0.2573	0.9175	821.3	91.26	842.3	7.583	102600	43.77	1664	25.49	0.3333	2.667	NA
77	D5	290	163	111	3	5678	233.3	1402	17.75	235900	92.94	7080	120.9	1.603	1.103	3241	154.6	1777	23.24	250000	100.4	5018	88.94	1.055	1.129	9266	347.1	982.5	11	193500	77.64	10250	169.8	2.396	1.108	8845	465.5	243.7	3.971	70840	33.75	9088	80.6	0.6667	1	NA
78	D6	422	219	191	0	7339	310.6	1414	19.35	330800	124.2	8753	149.5	2.081	1.073	4834	241.5	2005	28	385200	141.1	6839	118.5	1.457	1.169	10310	393.5	699.4	9.471	262500	102.8	11010	186	2.78	0.9686	0	0	0	0	0	0	0	0	0	0	NA
79	D7	113	63	42	1	4069	202.6	998.7	15.46	258900	92.22	5067	115.9	1.027	1	2458	145.2	1268	20.03	281500	96.56	3726	75.9	0.7619	1.032	6198	277.8	510.9	6.241	210700	80.01	6709	184.1	1.5	0.8095	0	0	1009	4.586	22780	18.59	1009	4.586	0	3	NA
80	D8	56	18	26	3	1842	119.8	846.6	9.998	222500	76.66	2688	84.26	0.6429	1.214	959.6	94.25	1055	14.52	169300	63.09	2014	91.41	0.4444	1.111	2892	164	781.8	7.603	288100	93.38	3674	96.26	0.8846	1.231	227.7	25.3	880.7	4.182	29080	19.27	1108	29.48	0.3333	2.667	NA
81	D9	377	220	135	0	6924	341.8	1555	19.6	228800	89.9	8478	160.9	1.621	1.098	5266	281.7	2132	26.93	261700	99.63	7399	125.7	1.355	1.173	10060	458	741.7	9.491	187400	75.06	10800	221.1	2.111	0.9926	0	0	0	0	0	0	0	0	0	0	NA
82	D10	159	91	55	4	5186	303.9	890.1	13.11	153700	65.95	6076	123.7	1.088	1.132	3372	241.6	1035	16.05	147600	67.42	4407	110.1	0.6813	1.11	8674	421.2	742.3	9.885	176000	67.83	9417	163.7	1.873	1.164	7434	599	510.7	6.765	89060	36.28	7945	105.9	0.5	1	NA
83	D11	120	56	52	9	5099	302.8	924.8	12.78	165000	66.78	6024	142.1	1.05	1.075	3871	260.2	1094	12.85	231900	86.95	4965	91.01	0.8214	1.232	6890	385.8	929.2	15.22	119700	53.62	7819	205.6	1.327	1.077	939.3	88.08	155.3	2.529	35170	18.89	1095	38.97	0.4444	0.4444	NA
84	D12	574	234	295	23	8598	345.9	908.4	11.33	124500	45.31	9507	178.6	2.657	1.066	8175	378.8	1498	17.98	172700	60.51	9672	178	2.265	1.209	9630	337.9	435	5.91	94290	33.09	10070	191.1	3.183	0.9288	3901	239.1	1000	12.43	74180	26.58	4901	107.3	1.261	1	NA
85	D13	345	171	162	2	6866	298.3	1365	21.72	164800	66.63	8232	158.1	1.777	1.032	3788	258	1885	31.36	175700	77.57	5673	133	0.9298	1	10450	355.1	844.2	12.41	147600	54.39	11300	194	2.716	0.963	994.5	124.3	888	7.715	53590	20.59	1882	14.67	0.5	4	NA
86	D14	416	179	216	6	8425	408.2	1193	15.53	169000	64.85	9618	227	1.827	1.029	4923	293.3	1843	23.71	193600	71.09	6766	144.2	1.285	1.19	11680	519.4	697.9	9.391	154100	61.37	12380	299.4	2.301	0.9028	6010	326.1	666	7.757	90030	30.86	6676	158.6	1	1.167	NA
87	D15	699	250	430	4	11040	424.8	976.4	12.78	243400	92.41	12020	246.6	2.508	0.8784	6485	316.5	1814	23.88	299900	112.8	8299	155	1.612	1.064	13910	494	502	6.53	212000	80.68	14420	303	3.049	0.7535	1586	245.8	415	6.716	55990	26.03	2000	67.1	0.75	1	NA
88	D16	487	218	256	4	9681	374.9	1153	14.72	204600	82.17	10830	210.1	2.421	0.9425	4498	251	1965	23.52	223600	89.67	6463	133.8	1.225	1.028	14330	490	473.7	7.443	191300	76.52	14800	281.4	3.5	0.8516	13980	438.2	1509	13.23	93610	39.97	15490	181	2.75	1	NA
89	D17	294	180	95	3	9113	405.1	987.8	13.28	156200	55.16	10100	242	2.218	0.7993	8247	393.6	1245	16.82	179600	61.79	9491	238.6	1.983	0.8	11070	416.7	522.9	7.12	114500	43.67	11590	253.9	2.8	0.7684	7334	721.1	614	9.695	1e+05	37.93	7948	209.6	1.333	2	NA
90	D18	421	216	174	14	8477	383.1	951.2	13.37	139500	55.89	9428	191.3	2.15	1.029	5993	363.8	1283	18.45	157800	59.31	7277	168.3	1.255	1.097	11410	389.3	623	7.987	107900	47.33	12030	209.3	3.195	0.9655	7812	535	490.3	5.958	62690	26	8303	241	2.071	0.8571	NA
91	D19	374	171	179	0	10150	388.1	1162	15.72	321500	124.7	11310	214.6	2.246	0.9011	4894	236.6	1492	20.21	317200	125.8	6386	142.8	1.404	0.9415	15470	533	723.2	9.665	313700	117.7	16200	278.1	3.073	0.8603	0	0	0	0	0	0	0	0	0	0	NA
92	D20	577	346	204	0	13490	497.5	1153	15.59	237900	100.4	14650	252.5	3.088	1.059	11560	454.4	1255	17.15	263400	109.4	12810	217.8	2.662	1.084	16470	570	979.9	13.06	204200	87.26	17450	314.6	3.73	1.02	0	0	0	0	0	0	0	0	0	0	NA
93	D21	157	37	68	26	4397	218.4	810.6	10.14	157300	68.37	5208	120.1	1.503	1.013	2593	155.4	1204	10.37	199700	86.88	3797	74.12	1.243	1.189	5803	281.5	631	9.661	169000	73.27	6434	170.7	1.897	0.8235	4022	178.9	588	7.271	87150	31.82	4610	62.91	1.192	1.038	NA
94	D22	276	170	63	2	453.9	32.03	1630	19.86	359200	124.1	2084	32.38	0.2138	1.272	485.8	36.42	2225	27.29	342200	121.3	2711	41.88	0.1765	1.241	325.4	27.16	657.2	7.262	332500	114.8	982.6	17.24	0.254	1.222	0	0	659.5	4.789	69980	36.72	659.5	4.789	0	1.5	NA
95	D23	819	403	379	1	9961	377.2	1056	14.63	233300	113.5	11020	185.4	2.404	1.074	6104	280.6	1401	19.44	262200	127.4	7505	126.9	1.774	1.134	14190	484.4	732.2	10.2	207600	100	14920	249	3.082	1.021	495	82.5	1008	8.331	37900	27.74	1503	11.93	1	1	NA
96	D24	819	346	434	19	338.8	14.03	787	11.17	33980	14.16	1126	19.74	0.01709	0.895	161.3	9.804	1477	21.24	54640	22.59	1639	23.39	0.01445	0.8931	510.7	18.66	282.3	3.865	18680	7.964	793	18.34	0.02074	0.9194	0	0	188.6	2.971	25040	8.208	188.6	2.971	0	0.6842	NA
97	E1	1038	424	573	25	6827	334.5	1141	14.52	91160	46.81	7968	157.6	1.601	1.006	4095	232	1834	22.8	99800	49.64	5929	114.2	0.9316	1.059	8905	410.8	673.7	8.804	86260	45.51	9579	190	2.101	0.9686	6717	377	502.2	7.557	43210	32.23	7219	114.4	1.4	1.36	NA
98	E2	898	517	365	7	5322	291.2	1251	17.6	99620	48.94	6573	139.1	1.271	1.017	3176	212	1725	24.17	109900	52.06	4900	107.8	0.7834	1.033	8409	405.9	617.2	8.816	85720	44.73	9027	186.1	1.959	0.9863	3786	255.7	289.1	4.282	95180	35.54	4075	118	1.286	1.429	NA
99	E3	83	25	41	5	5727	212.3	934.2	13.85	312700	103.7	6661	123.7	1.867	0.9036	1785	115.2	1176	12.16	268700	95.81	2961	86.98	1.12	0.72	8618	277.6	805.8	15.67	372300	113.7	9423	165.7	2.683	0.9024	8661	416.6	749.8	11.05	70950	33.8	9411	129.8	1.2	1.2	NA
100	E4	337	136	181	9	5002	255.7	871.4	13.12	95920	38.33	5873	133.5	1.306	0.9792	2721	169.5	1362	20.65	122200	47.08	4083	88.43	0.5809	1.007	6736	334.2	514	7.994	78160	33.16	7250	177.1	1.873	0.9006	4551	113.1	846.6	9.48	90480	27.43	5397	34.87	1.333	1.556	NA
101	E5	350	296	37	0	6295	294	987.9	11.6	146900	60.05	7282	168.5	1.443	0.98	5675	274.1	1045	12.22	150800	61.23	6719	144.2	1.341	1.037	9031	417.2	675.6	7.413	111900	52.12	9706	305.6	1.811	0.6757	0	0	0	0	0	0	0	0	0	0	NA
102	E6	302	230	61	0	6087	328.2	1402	15.62	165300	67.18	7489	177.1	1.195	1.036	5089	296.8	1542	17.04	154400	63.08	6631	154.1	0.9609	1.096	9694	455.5	1018	11.63	208400	81.08	10710	266.9	1.951	0.8525	0	0	0	0	0	0	0	0	0	0	NA
103	E7	519	264	224	20	6517	312.5	1560	19.7	125500	46.77	8077	152	1.41	1.116	3952	247.2	2310	27.48	154300	54.46	6263	109.8	0.7424	1.189	10050	408.7	778.8	12.13	101000	40.4	10830	207.1	2.281	0.9732	3129	167	851.5	8.075	68250	29.2	3980	144.1	0.85	1.4	NA
104	E8	518	327	157	22	3420	209.7	1468	20.58	117700	50.6	4888	109.3	0.7162	0.9614	1139	85.27	1984	26.83	132600	54.68	3123	58.72	0.3058	0.9817	7807	474.3	559.8	10.04	98140	45.26	8366	224	1.503	0.8662	5390	168.7	506	7.083	64560	36.43	5896	59.07	1.136	1.045	NA
105	E9	542	281	239	0	7529	373.1	1616	19.64	112400	56.79	9145	185.7	1.67	1.035	5312	322	2288	27.96	121300	61.08	7600	155.3	1.121	1.128	9801	429.8	762.2	9.421	94500	48.52	10560	211.5	2.209	0.9205	0	0	0	0	0	0	0	0	0	0	NA
106	E10	516	261	232	0	7161	359.9	1307	16.68	171800	70.37	8468	188.3	1.548	0.9244	5232	314.5	1854	23.69	187800	73.6	7086	154.6	1.061	0.9923	9356	409.6	749.4	9.624	152300	66.23	10110	224	2.091	0.8405	0	0	0	0	0	0	0	0	0	0	NA
107	E11	329	174	125	20	3436	261.9	1345	16.81	117400	49.43	4780	133.6	0.8055	1.055	2105	174	1879	22.16	143100	56.58	3984	76.84	0.6207	1.23	5143	377.2	737.4	11.13	93230	42.95	5881	212.9	1.008	0.816	4076	319.9	569.1	6.681	63270	30.46	4645	111.2	1	1.1	NA
108	E12	465	244	192	12	8806	421.8	1238	15.4	133200	55.08	10040	220.5	1.551	0.9398	5234	298.6	1605	20.69	138400	56.56	6839	146.7	0.959	1.029	13930	592.7	841.4	9.84	130100	54.24	14770	322.6	2.344	0.7969	6118	487.6	405.8	6.673	117300	32.49	6524	157.7	1.083	1.167	NA
109	E13	333	177	145	6	5248	289.8	1774	22.71	120500	52.28	7022	152.6	1.583	0.8799	5396	294.3	2908	36.55	167800	68.25	8304	139.7	1.486	0.9831	5160	286.8	479.6	7.035	64910	33.45	5640	169.9	1.717	0.7517	4156	285.6	853.7	7.378	73730	38.43	5010	121.5	1.167	1.167	NA
110	E14	389	202	154	10	10080	441.2	1051	14.28	150300	67.79	11140	246.6	1.499	0.8021	5537	307.3	1324	16.53	159700	64.02	6861	163.4	1.124	0.797	16780	645.9	793.3	12.65	146700	72.96	17580	365.2	2.039	0.7662	1737	169.4	924.7	11.17	55140	28.68	2662	80.37	0.6	1.6	NA
111	E15	406	182	205	11	5258	282.2	1026	13.84	106600	42.86	6284	145.6	1.416	0.8719	2827	190.1	1511	20.52	137600	51.66	4338	104.6	0.6209	0.9615	7567	378.5	628.6	8.218	85130	36.92	8196	189.9	2.171	0.7902	682.5	72.36	617.5	8.135	33170	16.75	1300	25.19	0.3636	0.9091	NA
112	E16	398	183	180	22	9159	399.9	1870	21.82	141500	55	11030	219.4	1.867	0.9899	4491	237.7	3073	34.41	182300	65.74	7564	122	1	1.164	14170	563.3	902.6	11.99	112900	48.42	15070	324.8	2.878	0.8333	7769	365.1	610.7	6.219	69360	28.95	8380	146.4	1.5	0.8636	NA
113	E17	581	227	338	3	8883	381.1	1324	18.04	93610	50	10210	196.2	1.84	1.138	3855	221.9	2000	27.43	92680	53.7	5856	101.2	0.9383	1.251	12470	492.3	896.3	12.13	94440	47.83	13360	263.5	2.476	1.041	1459	66.3	624.3	5.774	54140	18.82	2083	72.08	1	1.667	NA
114	E18	381	176	179	2	5458	310.4	1316	16.24	152500	72	6775	162.3	1.493	0.9685	4471	266.2	1617	21.93	156700	73.45	6089	141.2	1.21	1.097	6497	367.3	1057	10.89	134900	65.23	7555	189.6	1.709	0.8212	0	0	778	8.653	35520	18.75	778	8.653	0	1.5	NA
115	E19	732	271	429	19	4474	232.6	1117	14.33	92930	40.21	5591	112.9	1.27	1.071	1648	106.8	2061	26.31	120300	50.27	3709	70.5	0.5683	1.159	6331	312.1	556.1	7.348	76770	34.25	6887	141.5	1.765	1.016	3972	251.2	619.4	6.697	55550	29.62	4592	110.5	0.8421	1.053	NA
116	E20	308	158	137	8	9358	438	1501	20.09	166400	62.12	10860	201.4	1.909	1.016	8367	421	2097	27.19	206500	73.3	10460	193	1.741	1.07	10860	478.7	884.4	13.21	127100	51.11	11740	222.5	2.161	0.9051	7714	268.8	758.9	5.075	69550	36.66	8473	114.4	1.75	1.375	NA
117	E21	89	32	32	6	3098	152.3	1222	14.05	288700	94.74	4320	79.59	1.236	1.146	2183	133.4	1347	14.43	275800	87.62	3530	50.62	0.8437	1.281	3682	168.1	966.8	10.45	217700	78.15	4649	65.65	1.687	1.156	1174	60.74	744.5	7.721	69510	26.97	1918	19.37	0.6667	0.8333	NA
118	E22	522	238	252	20	5429	276	1292	16.13	115600	45.7	6722	145.7	1.592	0.9483	3536	218.1	2144	26.29	140400	54.77	5680	118	1.038	1.088	7054	326	561.3	7.306	93670	38.08	7616	175.7	2.139	0.7698	7981	380.6	479.3	5.581	71400	25.27	8460	114.9	1.55	1.2	NA
119	E23	982	442	508	17	7054	341.8	1133	14.86	114600	63.18	8187	151.6	1.641	1.11	4247	246	1716	22.58	134500	72.9	5963	102.3	1.016	1.172	9722	432.4	647	8.416	96620	55.2	10370	199.2	2.228	1.057	1893	154.2	546.8	7.51	35660	22.33	2440	32.44	0.5294	1.235	NA
120	E24	833	269	447	33	85.19	3.806	808	10.18	32500	13.38	893.2	12.3	0.02401	0.9652	35.06	0.7206	1811	22.66	57820	23.78	1846	23.24	0.01115	0.9628	126	5.236	281.1	3.573	20380	8.121	407.1	5.978	0.03356	1.016	0	0	781.2	11.52	30490	13.75	781.2	11.52	0	0.7879	NA
121	F1	994	375	580	20	6908	355.3	1098	14.26	87550	46.3	8006	174.2	1.526	1.031	3929	241.9	1806	23.21	102000	52.35	5735	119.9	0.8853	1.056	8837	429.5	676.7	8.855	78790	42.94	9514	212.6	1.929	1.019	7368	331.1	416.1	6.269	72450	32.06	7784	111.9	1.55	1.1	NA
122	F2	1020	494	469	31	6037	303.9	1232	15.75	96290	48.66	7269	141.2	1.485	1.068	3645	213.4	1835	23.43	108300	51.87	5480	106.1	0.8947	1.089	8296	390.7	684.4	8.608	85770	46.84	8980	178.5	2.062	1.045	7852	388.8	461.5	7.249	67690	31.89	8313	143.6	1.742	1.065	NA
123	F3	620	255	336	18	2587	163.7	1182	15.44	80280	31.39	3769	89.17	1.339	0.9871	2840	193.7	2301	29.57	127300	47.6	5141	109.4	1.2	1.137	2525	148	372.8	5.378	46910	19.99	2898	78.3	1.503	0.8512	1065	97.02	879.1	9.414	52640	19.81	1944	40.88	0.5	1.167	NA
124	F4	142	73	52	3	4490	154.6	1276	14.77	254300	83.95	5766	99.02	1.437	1.056	1874	105.1	1444	16.43	216700	80.99	3319	68.25	0.8082	1	9107	248.1	810.5	10.89	220800	67.77	9917	162.6	2.346	1.019	0	0	589	8.911	71620	29.13	589	8.911	0	1.333	NA
125	F5	96	85	9	0	3448	250	1831	24.76	180100	74.71	5280	155.6	0.8333	1.052	3000	239.3	1933	24.27	181600	73.31	4932	134.6	0.7059	1.059	6677	378.6	1151	33.39	155200	86.14	7829	359.4	1.333	1	0	0	0	0	0	0	0	0	0	0	NA
126	F6	557	327	202	0	4511	278.9	1509	19.17	130700	47.18	6019	134.2	1.018	1.022	2989	213.3	2188	26.98	170200	59.26	5176	100.5	0.6881	1.165	6734	375.6	537.4	8.018	73090	28.98	7272	178.1	1.485	0.8267	0	0	0	0	0	0	0	0	0	0	NA
127	F7	611	211	386	7	6340	367.7	1220	15.64	120900	48.66	7560	198.6	1.3	0.9836	3059	239.1	2462	31.2	166600	60.74	5521	124.1	0.6682	1.152	8234	443.5	560.9	7.396	98090	42.69	8795	243	1.663	0.8912	3224	216.3	617	7.958	49200	26.29	3841	80.85	0.7143	1.143	NA
128	F8	514	175	313	16	9482	464.1	1141	15.15	116000	55.08	10620	238.9	1.893	0.9494	6724	442	1636	20.2	156100	68.58	8360	213.2	1.2	1.091	11340	484.3	847.2	12.42	97130	49.65	12180	258.3	2.355	0.8498	6737	447	1519	13.76	66330	26.8	8257	238.7	1.125	1.25	NA
129	F9	450	321	101	0	9436	453.3	1308	18.07	172200	70.87	10740	210	1.871	0.9778	7613	427.9	1356	19.26	165400	68.79	8969	177.6	1.52	0.9813	14030	474.5	1140	14.84	176700	74.13	15170	274.3	2.743	0.9703	0	0	0	0	0	0	0	0	0	0	NA
130	F10	682	497	154	0	6819	377.6	1560	18.76	136400	57.55	8379	168.3	1.44	1.142	5780	337.2	1857	21.66	139200	59.1	7637	142.9	1.179	1.191	10010	491	777.9	11.04	128100	53.08	10790	241.7	2.227	1.013	0	0	0	0	0	0	0	0	0	0	NA
131	F11	661	286	320	26	2285	141.8	1195	13.84	93320	36.94	3480	60.25	0.6687	1.204	1057	72.6	2006	22.17	116200	43.16	3063	42.19	0.3287	1.308	3479	209.2	554.4	7.333	75910	32.44	4033	79.31	0.9781	1.106	1548	124.5	677.3	8.776	78520	28.14	2225	53.13	0.6538	1.154	NA
132	F12	479	221	231	15	11070	430.2	1397	16.82	134600	48.4	12470	211.6	2.225	1.138	5502	314.2	2219	26.74	149500	53.56	7721	128.8	1.154	1.29	16860	558.5	668.2	8.058	122400	43.98	17520	298	3.299	0.9697	8334	270.3	657.4	9.611	101200	39.24	8991	133.5	2.133	1.067	NA
133	F13	76	50	19	1	4264	170.2	2317	21.16	206200	91.81	6581	80.34	1.197	1.184	3344	148.3	2397	21.22	207600	81.72	5741	72.61	0.96	0.88	7330	252.9	2393	23.13	247900	121	9723	109	1.737	2	0	0	1493	7.144	15930	14.7	1493	7.144	0	4	NA
134	F14	507	228	256	13	6552	326.5	1233	16.69	126200	51	7785	181	1.321	0.929	2482	185.1	2116	27.96	149500	60.31	4598	96.16	0.5789	1.039	10100	457.8	504	7.581	107200	43.22	10600	260	1.977	0.8281	4446	237.2	510.4	5.927	82100	41.7	4956	101	0.9231	1.231	NA
135	F15	435	280	127	18	5417	275.9	1464	20.73	125300	51.15	6881	162.5	1.147	0.9103	3315	204.3	1972	27.08	142600	56.19	5287	131.8	0.7714	0.9179	10330	453.5	541.2	9.705	97880	44.09	10880	248.8	2.039	0.8031	5044	231.2	496.9	6.462	66170	30.5	5541	70.07	0.8333	1.278	NA
136	F16	601	280	290	19	5816	330.6	1185	14.51	116300	47.36	7001	160.9	1.391	0.9501	4365	270.8	1752	20.85	141200	54.91	6117	143.8	1.004	1.014	7082	382.7	634.7	8.537	94320	40.87	7716	182.2	1.776	0.8621	7535	367.6	596.2	8.078	72330	33.24	8131	126.4	1.526	1.105	NA
137	F17	459	265	169	16	1926	118.2	1292	16.31	95750	37.74	3218	59.04	0.5686	1.039	1554	81.07	1821	22.96	120400	45.32	3374	49.11	0.4528	1.136	2536	174.9	520.8	6.679	56440	26.59	3056	79.93	0.7929	0.8757	2498	182.4	391.3	5.637	62050	21.19	2889	23.22	0.25	0.8125	NA
138	F18	317	162	144	4	6210	321.9	1550	18.03	119300	42.21	7760	170.7	1.208	1.066	4854	303.9	2326	26.29	145400	50.07	7180	134	0.8951	1.259	7730	350.8	761.1	9.665	92690	33.82	8491	211.1	1.549	0.8472	4196	233.1	184.5	4.454	43070	28.65	4380	237.6	0.75	0.75	NA
139	F19	391	215	162	6	7087	328.9	1445	18.24	118000	49.22	8532	183.3	1.504	1	3904	220.3	2219	27.44	154200	59.59	6123	115.8	1.005	1.144	10400	452.5	480.3	6.867	72440	35.71	10880	263.8	2.043	0.7778	13190	471.7	452.5	6.019	69090	42.82	13640	190.2	3	1.667	NA
140	F20	271	126	111	13	5232	261	1316	17.26	127100	55.25	6547	142.8	1.236	1.129	2819	198.7	1611	20.91	125700	53.87	4431	95.26	0.7619	1.325	8388	354.7	970.3	14.42	143100	59.04	9358	226.9	1.919	0.8288	792.2	64.21	666.9	8.988	68020	31.07	1459	17.29	0.2308	1.385	NA
141	F21	749	341	366	20	2640	156.9	1387	16.94	69670	27.6	4027	78.49	1.319	1.117	2973	181.5	2575	31.1	100300	39.18	5547	90.44	1.238	1.243	2337	136.4	386	4.991	44560	18.3	2723	68.15	1.393	1.005	2411	128.6	459.9	6.599	46370	16.41	2871	47.49	1.2	1.25	NA
142	F22	106	35	58	3	3984	170	1340	18.78	274100	88.99	5325	85.96	1.811	1.094	1610	120.3	2213	32.52	257600	88.39	3823	67.75	0.9714	1	5474	186.7	979.3	13.14	275900	87.97	6453	75.25	2.362	1.155	2722	159.4	393	5.107	74110	46.4	3115	141.1	2	1.333	NA
143	F23	1140	520	568	30	7488	332.6	1203	15.61	133700	61.75	8691	161.9	1.806	1.095	4549	257.3	1935	24.27	144900	65.19	6484	117	1.198	1.185	10290	399.8	588	8.067	124200	59.56	10880	199.1	2.386	1.023	7786	473.5	237.7	4.301	64940	35.64	8024	312.6	1.6	0.7667	NA
144	F24	826	300	382	37	245.4	11.76	879.5	11.59	29070	13.08	1125	17.51	0.03995	0.9697	359.1	10.98	1824	24.19	50340	21.28	2183	29.76	0.03333	1.013	230.4	15.66	269	3.594	15150	7.531	499.4	11.81	0.05236	0.9267	0	0	547.5	8.5	33430	13.85	547.5	8.5	0	0.973	NA
145	G1	955	429	484	24	5695	310.3	1093	14.84	86600	46.95	6788	155.8	1.32	0.956	3579	216.4	1756	23.48	93950	50.68	5335	112.5	0.8485	1.03	7658	393.6	551.6	7.722	82970	45.19	8210	198.2	1.777	0.8698	3397	212.9	490.7	9.657	57460	25.29	3888	66.76	0.6667	1.25	NA
146	G2	1148	507	592	33	7370	337.1	1178	15.61	92690	54.5	8548	171.9	1.782	1.036	4091	249.6	1753	23.41	100100	55	5844	131.3	1.03	1.081	10430	417.3	735.1	9.611	89030	55.67	11170	211.4	2.459	0.9899	3796	276.4	570.5	7.088	57720	30.94	4366	104.3	1.364	1	NA
147	G3	265	130	113	17	457.2	30.75	939.7	11.48	122400	43.57	1397	31.17	0.2453	0.9434	457.3	40.23	1558	18.37	171800	58.42	2015	44	0.2154	0.9462	520.5	24.65	334.4	4.688	74050	28.53	854.9	21.03	0.3097	0.9381	33.18	3.686	339.2	5.047	67330	25.46	372.4	5.315	0.05882	0.8824	NA
148	G4	357	209	131	6	3518	214	1452	17.74	118500	44.25	4970	102.8	1.003	1.025	2148	157.3	2012	24.28	142100	51.39	4160	79.67	0.622	1.158	5558	302.9	679.8	8.483	86220	34.72	6238	138.4	1.603	0.8702	5007	292.3	329.2	5.481	75090	26.84	5336	186.1	1	0.6667	NA
149	G5	626	225	375	13	10800	414.9	1266	16.87	126400	53.47	12060	212.2	2.412	0.9808	4146	282.9	2247	27.94	137100	54.44	6394	123.5	0.9956	1.151	15150	499	709	10.51	124200	53.87	15850	268.1	3.341	0.888	6787	397.9	535.2	7.645	50140	28.51	7322	179.7	1.385	0.8462	NA
150	G6	585	274	278	15	4012	220.3	1428	18.01	99660	47.42	5440	122.6	1.096	1.075	2152	142.2	2261	28.11	114500	52.27	4413	83.52	0.6496	1.109	5606	293.4	719.1	9.433	89290	43.21	6325	156.5	1.504	1.029	3565	180.1	310.7	3.506	53310	30.5	3875	154.6	1.067	1.2	NA
151	G7	126	88	31	2	1709	124.2	1988	25.42	172800	65.3	3697	89.69	0.5	0.9683	1457	102.8	2641	33.99	187300	69.15	4098	90.28	0.4318	0.9659	1675	136.8	503	5.956	143600	60.43	2178	59.24	0.5806	0.9355	7764	525.1	686	9.942	84330	25.18	8450	100.7	1.5	1.5	NA
152	G8	440	203	193	21	7785	364.9	1308	17.87	132400	49.35	9093	195.4	1.97	1.166	8285	416.7	1786	22.84	179400	61.14	10070	220.5	1.872	1.202	7421	324.5	883.4	13.67	92320	40.26	8305	184.5	2.218	1.093	9369	387.1	351.5	5.271	79860	31.18	9721	179.5	1.381	0.9524	NA
153	G9	491	250	202	27	9531	386.3	1193	16	149300	59.18	10720	191.1	1.996	1.063	6067	300.7	1813	23.92	170900	65.78	7880	122.6	1.116	1.2	14840	524.4	573.6	8.192	134000	55.27	15410	294	3.243	0.9356	4152	226.9	325.2	4.892	81240	31.36	4477	110.9	1.185	0.7037	NA
154	G10	634	291	318	16	8458	385.5	1110	15.36	131500	53.07	9568	193.3	1.762	0.9511	5131	315.5	1857	24.68	162400	64.56	6988	140.3	1.031	1.072	11900	463.5	483.3	7.694	106200	44.06	12390	247.8	2.484	0.8522	3772	277.6	351.1	4.067	90570	32.7	4123	141.9	1.187	0.8125	NA
155	G11	174	101	44	9	4430	247.1	1463	18.77	104400	49.36	5893	105.8	0.8276	1.178	2338	171.9	1701	21.8	106100	50.21	4039	80.92	0.5149	1.158	7954	443	689.2	9.532	88190	46.17	8643	163.7	1.182	1.023	8698	131.1	491.3	5.212	54190	26.9	9190	59.7	2.111	1.667	NA
156	G12	851	353	420	43	3740	207.6	1133	14.55	67650	29.99	4873	104.8	1.564	1.067	2880	203.8	2021	25.65	91210	38.52	4901	103.3	1.082	1.181	4659	225.9	505	6.826	52690	24.41	5164	111.6	2.014	0.9524	3347	155.7	452.8	5.295	34930	21.68	3800	82.79	1.605	1.256	NA
157	G13	186	99	74	5	3320	216.7	1272	19.2	114500	48.21	4591	148.4	0.9946	0.7473	2691	220.5	1701	22.94	125800	52.62	4392	148.8	0.6768	0.8182	4590	245.9	789.4	15.42	105200	43.92	5379	169.9	1.486	0.6486	1974	37.96	463	7.347	115100	29.87	2437	31.4	1.4	1	NA
158	G14	408	197	200	5	2988	158.6	1779	22.67	153500	57.16	4767	90.65	0.875	0.951	1448	86.43	3234	40.54	222300	78.86	4682	68.8	0.4873	1.066	4535	228.2	416.5	5.934	85260	35.36	4952	113.5	1.24	0.82	2940	284.8	542.6	5.419	69480	23.53	3483	36.62	1	1.6	NA
159	G15	583	277	286	12	4321	257.8	1142	15.68	121600	44.92	5462	147.6	1.557	0.8233	4094	268.5	1932	26.8	173600	63	6026	162.8	1.213	0.8159	4466	248.4	426.1	5.684	74870	28.62	4892	133	1.885	0.8287	4368	231	535.4	5.321	66010	26.69	4903	159.8	1.333	0.8333	NA
160	G16	367	203	153	5	6948	415.6	1102	14.72	155800	66.41	8051	218.9	1.243	0.7956	4133	317.7	1398	19	172200	75.39	5531	177	0.8473	0.8227	10750	562.4	755.9	9.493	136200	56.1	11500	283.1	1.804	0.7386	345.6	31.42	659.2	9.157	81710	25.78	1005	13.01	0.4	1.4	NA
161	G17	633	267	308	39	7299	361.9	989.4	12.64	100900	39.08	8288	196.5	1.664	1	4586	280	1560	19.04	117900	44.72	6146	149.5	1.004	1.154	9912	453.7	612.4	8.436	91530	36.08	10520	242.4	2.308	0.8961	6203	275.6	364.3	5.842	71770	27.26	6567	189	1.385	0.7949	NA
162	G18	569	211	285	53	8221	399	850.2	11.31	95160	33.88	9071	194.3	1.808	1.004	5428	365.8	1287	16.92	120000	40.61	6715	163.8	1.005	1.047	10890	453.1	553.5	7.422	84900	31.4	11440	238.3	2.558	0.9088	6372	282.2	565.4	8.835	61240	22.42	6938	124.9	1.283	1.189	NA
163	G19	584	288	262	21	7557	361.3	1355	18.13	109900	52.01	8912	193.2	1.955	0.9743	4858	295.9	1963	25.62	129400	56.22	6821	130.1	1.326	1.101	10090	429.3	770.9	11.34	89370	48.71	10860	254.4	2.557	0.8282	11380	422.8	294.9	4.757	77560	31.83	11680	255.4	2.095	0.9048	NA
164	G20	328	67	105	106	7062	328.2	719.2	8.978	105400	37.67	7781	163.7	1.96	1.07	3935	222.1	826.8	9.737	129800	47.08	4762	95.32	1.537	1.149	10650	422.5	556.6	6.954	126900	43.24	11210	233	3	0.9238	4709	256.3	732.4	8.99	71040	25.61	5441	92.34	1.179	1.189	NA
165	G21	555	275	250	10	483.1	33.91	1180	15.05	126800	52.88	1663	29.32	0.2198	1.032	624.5	47.08	1953	24.35	155700	63.87	2578	42.83	0.2618	1.24	234.5	20.51	414.8	5.948	87590	37.72	649.3	14.83	0.152	0.812	114.6	13.37	353.8	4.096	60970	25.27	468.4	5.049	0.2	0.7	NA
166	G22	370	205	151	5	4806	270.9	1394	16.78	98480	41.44	6200	123.5	1.316	1.089	3436	216.2	1922	22.55	107300	44.66	5358	93.65	1.005	1.185	6352	340.6	672.8	9.118	87010	37.71	7025	162.3	1.742	0.947	1882	94.08	475.6	4.121	26950	18.18	2357	14.9	0.4	1.2	NA
167	G23	973	342	589	19	8362	368.4	1102	13.72	111200	55.8	9464	184.5	2.063	1.067	5153	262.6	1879	22.82	117200	55.46	7032	136.4	1.231	1.164	10540	437.9	683.5	8.777	110100	55.57	11230	218.6	2.61	1.003	4826	276	707.2	6.801	72590	31.41	5533	86.73	1.474	1.316	NA
168	G24	568	171	292	27	68.5	2.467	934.9	11.21	31540	12.74	1003	12.15	0.01937	1.053	56.14	2.907	2201	25.55	60960	23.56	2257	26.56	0.02339	1.135	52.73	0.9128	292.1	3.722	17260	7.333	344.8	4.419	0.0137	0.9829	458.2	18.86	929.7	14.11	33930	14.99	1388	19.59	0.07407	1.074	NA
169	H1	1032	387	574	46	7837	381.8	1108	14.54	100300	46.73	8945	185.6	1.844	1.008	4311	267	1850	24.66	119400	53.37	6161	145.6	1	1.008	10390	467	656.2	8.267	90090	43.34	11050	221.5	2.422	0.9808	6825	311.4	792.5	11.12	73910	36.01	7617	111.6	1.848	1.283	NA
170	H2	1215	508	633	40	6036	296.3	1154	15.42	91220	52.88	7190	143	1.527	1.065	3364	203.4	1926	26.16	100300	53.44	5290	109.3	0.872	1.091	8277	379.8	615.1	7.909	85530	53.02	8892	174.4	2.06	1.047	4646	192.9	336.6	5.03	63480	31.35	4983	79.9	1.075	0.975	NA
171	H3	411	194	199	3	732.7	47.24	1156	15.36	124200	47.11	1888	35.9	0.2944	0.9951	366.7	23.09	1881	24.7	141400	56.95	2247	32.53	0.2216	1.077	1007	70.08	482.8	6.197	98170	34.81	1490	39.96	0.2864	0.8995	3290	126.5	374.7	3.719	149900	36.14	3664	23.29	1.667	2	NA
172	H4	437	46	216	107	7207	297.9	696.5	8.719	90640	39.12	7904	149.2	1.432	1.213	1917	91.39	1303	14.05	115700	55.91	3220	51.2	1.022	1.457	11490	421.2	717.8	9.152	113000	46.65	12200	222.3	2.069	1.102	2912	203.2	494.9	6.481	50890	24.25	3407	77.26	0.6262	1.224	NA
173	H5	208	65	120	10	3319	195.5	927	13.74	95220	46.67	4246	126.8	1.029	0.8798	3729	244.8	1522	26.55	157400	57.85	5251	153.6	1.092	0.9231	3472	188.5	573.8	6.871	65330	43.04	4046	125.3	1.05	0.8083	1108	86.34	280.9	4.077	68390	32.5	1389	39.47	0.9	1	NA
174	H6	531	312	187	13	4029	236.5	1515	18.37	118400	49.73	5544	101.9	1.13	1.126	2978	207.3	2068	25.69	137700	55.13	5045	85.57	0.8622	1.103	5674	293.9	723.2	7.691	86620	41.27	6397	128.6	1.529	1.144	4473	187.1	672.2	6.616	73290	32.99	5145	56.62	1	1.769	NA
175	H7	532	224	215	54	5404	253.4	1018	13.04	106000	43.88	6422	155.3	1.449	0.9605	2593	170.6	1457	18.19	136500	52.63	4050	93.14	0.7857	1.116	8753	350.3	665.3	8.464	91460	40.76	9419	225.6	2.279	0.8047	4863	256.2	754.4	9.569	70600	29.62	5617	143	1.185	1.019	NA
176	H8	464	230	209	12	5243	272.7	1148	14.63	133700	54.47	6391	131.3	1.58	1.069	3364	214.3	1651	20.6	166200	65.46	5015	98.35	0.9913	1.213	7389	343	654.6	8.539	104200	44.76	8044	167.7	2.301	0.9043	4291	207.2	458.3	5.887	53670	21.76	4749	62.2	1.083	1.5	NA
177	H9	423	235	158	19	4520	243.2	1505	19.43	122400	50.29	6025	142.7	1.118	0.9929	2359	159	2225	28.6	141700	55.8	4585	90.93	0.6681	1.077	7663	361.8	595.2	7.978	103800	45.26	8258	215.9	1.804	0.7911	5875	331.8	622.3	7.941	63360	31.11	6497	183	1.263	1.368	NA
178	H10	614	287	304	10	2815	164.1	2416	29.35	140400	51.07	5231	92.82	0.9658	1.215	1284	100	4626	55.41	226500	80.19	5910	85.32	0.4251	1.359	4333	226	444	6.251	65370	24.86	4777	101.5	1.493	1.079	3165	238.9	357.5	5.797	27530	22.35	3522	93.77	0.8	1	NA
179	H11	655	326	304	14	5772	291.1	1013	12.98	93070	40.09	6785	154	1.698	1.034	4913	293	1603	19.83	113400	47.46	6516	142.7	1.319	1.144	6788	298	428.4	6.103	73790	33.37	7217	171.6	2.141	0.8783	4451	173.3	358.6	6.922	66130	27.26	4810	68.57	1.429	1.429	NA
180	H12	332	156	116	36	1995	105.9	897	11.2	92060	40.55	2892	54.61	0.6325	1.151	2042	95.26	1222	14.89	121900	50.81	3264	46.29	0.5385	1.218	2108	129.4	576.6	7.115	65710	31.53	2685	66.96	0.8276	1.069	1161	72.63	515.6	6.105	50560	23.25	1677	57.96	0.3889	1.083	NA
181	H13	855	372	457	13	8419	348.5	1287	17.2	109300	52.31	9705	197.2	2.195	1.023	3628	227.2	2349	29.79	119800	58.34	5977	126.7	0.9731	1.245	12200	446.9	454.2	7.411	99060	46.89	12650	253.9	3.179	0.8446	6311	307.3	586.9	8.04	71890	31.14	6898	121.1	2.077	1.385	NA
182	H14	459	209	228	11	4127	211.7	1110	14.15	142200	58.26	5237	136.9	1.264	0.8497	2797	155.9	1695	22.08	188300	70.56	4492	101.4	0.7225	0.8995	5270	268.7	629.8	7.629	101300	46.14	5900	172.6	1.724	0.7763	3061	100.6	676.1	6.693	79280	32.8	3737	72.74	1.091	1.455	NA
183	H15	534	300	216	12	4121	227.3	1279	18.11	124400	50.39	5400	119.6	0.9064	1.011	1788	88.87	1840	25.86	133600	53.32	3628	62.77	0.5633	1.083	7477	421.4	564	8.248	116100	47.8	8041	204.2	1.426	0.9074	2201	197	451.4	8.238	47340	24.14	2652	62.3	0.3333	0.8333	NA
184	H16	471	230	218	15	2056	129.9	1166	14.66	85940	34.69	3222	67.21	0.5711	1	1220	80.95	1840	22.71	116300	44.78	3060	53.08	0.3304	1.109	2850	183.9	477.1	6.625	55510	24.56	3327	84	0.7982	0.8211	4324	146	780.5	9.309	71010	30.52	5104	57.61	1.133	1.667	NA
185	H17	652	259	350	23	5400	270	1189	14.37	112700	43.65	6589	117.9	1.293	1.147	1696	102.3	1970	23.7	125900	50.07	3665	49.64	0.5521	1.228	8261	404.5	671.7	8.26	106400	39.93	8933	170.5	1.851	1.089	6376	228.3	397.8	5.434	68660	27.32	6774	135.4	1.522	1.087	NA
186	H18	445	261	169	11	2793	169.2	1400	17.91	120100	44.15	4193	103.4	0.8	0.9888	1280	74.61	2051	25.41	146500	52.47	3331	50.56	0.4789	1.169	4877	302.8	481.2	7.444	83540	32.65	5358	172.3	1.308	0.6982	5474	300.5	497.5	5.072	53330	25.89	5971	213.1	0.5455	1.273	NA
187	H19	681	213	364	53	1743	86.87	729.7	9.313	73870	32.06	2473	49.32	0.5844	1.01	1501	82.44	1272	16.32	96620	43.45	2773	54.34	0.5493	1.131	1991	96.87	404.5	5.405	65710	27.37	2396	50.51	0.6511	0.9313	583.6	62.01	774.2	8.796	40020	19.12	1358	30.29	0.2075	1.189	NA
188	H20	591	292	267	18	3837	237.4	1289	18.64	85880	37.31	5126	118.3	1.003	1.039	2419	169.4	1819	25.18	107200	43.07	4238	88.05	0.6404	1.072	5139	302.2	801	12.81	62780	31.53	5940	146.1	1.367	1	9602	481.2	477.6	7.201	95870	36.73	10080	243.7	2	1.111	NA
189	H21	644	388	234	9	473.8	31.48	1487	17.76	102300	44.55	1961	27.16	0.1957	1.118	395	21.93	2133	25.4	120800	49.66	2528	30.87	0.1546	1.168	619.7	46.41	486.9	6.016	77220	37.53	1107	21.67	0.265	1.026	453.9	56.4	408.2	7.008	56060	23.33	862.1	15.31	0.2222	1.222	NA
190	H22	549	109	238	170	6998	331.2	648.3	7.821	77670	33.72	7647	142.6	1.328	1.237	7631	351.7	992.9	10.38	113600	49.34	8624	141.4	1.495	1.422	10430	460	601.7	8.108	88160	38.34	11030	200.6	1.962	1.059	2435	163.9	518.5	6.02	44580	19.3	2954	70.09	0.4294	1.371	NA
191	H23	846	384	424	26	6095	318.3	1290	16.29	79320	50.08	7386	141.3	1.507	1.122	3342	197.8	1970	25.35	84160	50.92	5312	95.93	0.9297	1.156	8274	413.7	734.5	8.864	76520	50.08	9008	178.1	2.002	1.08	9648	475	566.1	6.702	59300	39.1	10210	210.9	2	1.269	NA
192	H24	687	225	304	55	129	10.41	797.8	10.92	30930	13.34	926.8	13.65	0.01892	0.8894	88.28	7.52	1657	23	56270	22.88	1745	25.36	0.02667	0.8933	141.1	16.07	292	3.81	13880	7.148	433	6.33	0.01974	0.9145	0	0	680.2	10.02	34230	15.22	680.2	10.02	0	0.8182	NA
193	I1	918	425	455	20	5555	282.6	1348	17.92	83590	50.36	6903	139.5	1.387	1.02	4185	209.4	2002	26.73	96950	56.35	6186	110	0.9812	1.094	6964	355.2	803	10.62	73060	45.93	7767	168.9	1.802	0.9495	4225	261.9	573.5	6.321	39580	27.83	4798	74.85	0.9	1.15	NA
194	I2	1075	467	556	35	6997	340.4	1050	14.68	103300	54.8	8047	161.7	1.685	1.031	4331	231.3	1755	24.01	125500	60.75	6086	113.1	1.206	1.113	9005	424.6	501.5	7.52	85510	51.07	9506	199.5	2.074	0.9586	11520	501.6	524.5	6.69	93650	39.63	12040	210.4	1.8	1.086	NA
195	I3	141	83	45	6	1389	59.3	1041	13.62	115400	41.16	2429	32.18	0.1844	0.9362	2016	66.43	1400	18.71	148300	52.07	3416	40.13	0.2651	0.9157	601.8	55.52	424.6	5.837	63000	23.34	1026	16.71	0.06667	0.8444	232.3	58.08	1104	7.982	82980	30.48	1337	66.07	0.1667	1.833	NA
196	I4	239	18	123	64	5124	246.6	636.1	8.267	96430	38.34	5760	91.87	1.314	1.163	1725	151.6	1616	22.34	189100	70.53	3341	71.68	0.9444	1.389	7786	332.2	570.7	7.499	107500	44.19	8356	129.2	1.959	1.041	1901	129.3	545.3	6.555	60660	23.36	2446	41.37	0.4062	1.219	NA
197	I5	338	162	152	8	6624	312.7	1210	16.33	156900	72.04	7835	167.5	1.902	0.9083	4896	253.9	1645	20.96	170700	72.95	6541	120.2	1.432	1.068	8643	388.6	793.5	11.59	140500	71.6	9437	224.7	2.368	0.7368	3657	164.3	242.4	3.828	64180	31.02	3899	106.5	1.75	0.75	NA
198	I6	463	213	224	16	4314	215.4	1205	16.81	114100	47.82	5519	129.6	0.959	1.065	1177	70.04	1768	23.92	133100	52.29	2944	49.16	0.3521	1.174	7394	361.6	716.9	10.5	100600	44.53	8111	208.3	1.567	0.9554	4077	140.6	426.9	5.757	78030	34.72	4504	95.94	0.6875	1.187	NA
199	I7	567	297	242	19	6090	296.6	1078	14.41	130000	52.36	7168	155.4	1.563	1.028	3147	194.6	1509	19.36	144600	58.26	4656	98.94	0.8148	1.131	10090	437.2	595.1	8.627	118100	47.62	10680	235.9	2.562	0.9008	2878	116.5	352.3	5.276	77120	28.77	3230	53.05	1.053	1.105	NA
200	I8	624	363	235	17	4305	276.5	1917	24.64	92530	43.09	6222	125	1.088	1.258	3729	263.3	2756	35.15	114700	53.03	6486	124.2	0.865	1.339	5008	282.1	756.9	10.02	61650	29.36	5765	124.7	1.43	1.132	7800	533.5	766	9.576	65330	30.93	8566	163.1	1.294	1.412	NA
201	I9	498	245	226	11	6258	254.5	1279	17.09	131100	55.18	7536	149.6	1.857	1	3706	169.9	1846	23.68	161400	64.25	5552	104.4	1.061	1.147	9267	351.3	748.7	11	102000	47.54	10020	199.4	2.77	0.8274	3537	264.9	307.5	5.184	93970	37.53	3844	237.9	1	0.7273	NA
202	I10	330	195	113	16	2932	185.1	1332	18.81	107300	50.27	4264	120.8	0.6636	0.8818	1787	127.1	1921	27.64	126000	59.45	3709	67.89	0.441	1.021	5343	305.2	508.2	6.261	86030	39.31	5851	227.1	1.115	0.646	808.1	85.2	365.1	4.776	45270	23.81	1173	55.2	0.375	0.875	NA
203	I11	272	152	112	6	3515	235	1536	20.22	95310	45.53	5051	94.63	0.6875	1.055	2999	189.9	1999	27.02	103600	51.43	4998	77.48	0.6645	1.039	4394	304.9	991.6	12.05	86010	38.46	5386	116.3	0.7589	1.054	1344	149.3	330.3	4.13	73350	36.32	1674	153.4	0.1667	1.167	NA
204	I12	182	84	91	1	4437	294.9	1575	20.1	98830	46.08	6011	115.4	0.7582	1.187	5082	300.3	1899	24.08	116800	53.83	6981	105.6	0.75	1.179	4109	308.3	1332	17.19	80390	38.93	5441	131.7	0.7692	1.165	0	0	0	0	7403	6.159	0	0	0	0	NA
205	I13	273	140	87	24	3544	215.1	1304	15.03	86540	38.74	4849	86.67	0.8278	1.286	2859	160.6	1655	19.78	90420	40.27	4514	71.9	0.5857	1.293	4901	326	796.4	8.978	85900	38.06	5697	118	1.218	1.287	3835	222.2	911.3	9.787	56750	26.44	4746	92	0.875	1.333	NA
206	I14	623	330	264	18	5700	284.7	1929	23.55	135500	56.58	7629	153.2	1.352	1.014	2543	165.1	2844	34.56	141600	60.85	5387	95.09	0.6606	1.067	9924	444.9	922.8	11.2	130900	52.31	10850	230.3	2.273	0.9242	4105	253.1	353	4.573	40440	26.92	4458	159	1	1.056	NA
207	I15	338	198	128	7	4349	227.4	1267	16.71	138000	50.27	5616	135.9	1.189	0.9379	2687	159.5	1827	23.94	164100	59.04	4514	90.15	0.7424	1.03	7052	341	485.6	6.618	103900	38.46	7538	215.1	1.883	0.8047	616.3	46.5	85	2.078	26730	15.72	701.3	12.52	0.2857	0.4286	NA
208	I16	462	231	207	9	5012	233.2	1184	14.96	125700	55.18	6196	140.5	1.615	0.8203	3038	164	1917	23.77	152600	67.22	4955	101.3	0.9437	0.8182	6726	297	423.9	5.994	98140	43.02	7150	178.7	2.174	0.8116	9382	505.8	419.1	5.926	107400	40.46	9801	240.4	2.889	0.8889	NA
209	I17	219	108	96	8	3901	191.3	1565	19.55	97440	49.31	5466	99.86	1.187	1.068	3397	171.9	2440	30.63	123000	57.38	5837	101.3	0.8519	1.102	4196	208.2	611.2	6.841	62450	36.27	4807	100.1	1.5	0.9896	4517	155.6	467.9	6.355	55630	22.07	4985	61.26	1.25	1.5	NA
210	I18	390	185	156	29	2120	121.7	1101	13.83	81400	35.55	3221	59.25	0.6026	1.028	1115	74.28	1648	20.85	98310	41	2763	38.2	0.3514	1.097	3595	197.6	606.8	7.759	59150	31.2	4202	89.79	0.9231	0.9808	799.2	40.45	705.1	8.017	64890	22.44	1504	42.69	0.3103	1.069	NA
211	I19	600	310	266	16	5927	274.6	1156	15.17	131500	55.13	7083	140.5	1.393	0.9917	3610	194.1	1776	23.41	154900	61.96	5386	95.15	0.7774	1.084	8350	356.2	492.2	6.308	110300	48.13	8842	188.5	2.105	0.8872	12790	574.7	632.9	8.414	65400	37.1	13420	257.2	1.75	1.125	NA
212	I20	341	191	114	24	4801	203.8	1012	12.34	101400	44.51	5812	109.6	1.994	1.044	4679	218.1	1265	15.38	123800	52.27	5944	112.4	1.848	1.073	4964	183.9	688	8.004	72890	36.13	5652	108.1	2.149	0.9825	4517	149.2	606.4	8.318	68390	26.26	5123	57.98	2.333	1.333	NA
213	I21	544	266	255	7	454.1	29.09	1175	15.33	109300	44.84	1629	25.09	0.1746	1.068	302.5	19.47	1872	24.37	141900	57.53	2175	29.23	0.1617	1.173	571.4	34.52	496.3	6.591	80010	33	1068	21.36	0.1882	0.9333	0	0	589.9	6.602	59970	22.86	589.9	6.602	0	0.8571	NA
214	I22	396	26	221	85	6651	310.7	548.2	7.078	84410	36.24	7200	129.9	1.482	1.098	6178	250.1	696.7	6.776	122800	53.25	6875	94.24	1.923	1.038	8706	385.1	552.2	7.516	96840	40.26	9258	162.7	1.891	1.05	3077	202.5	575.3	6.773	51740	26.05	3652	79.71	0.7529	1.212	NA
215	I23	1082	490	556	22	6435	298.2	1214	16.35	108500	57.98	7649	146	1.589	1.054	3455	195.5	1838	24.76	123300	64.55	5293	107.1	0.8796	1.039	9092	390.8	710.3	9.556	97350	53.52	9802	181.2	2.228	1.056	7675	327.8	556	6.918	74870	32.91	8231	168.3	1.727	1.182	NA
216	I24	958	329	449	69	247.4	8.622	910.5	11.81	23370	12.22	1158	14.53	0.01983	0.9937	202.2	9.016	1933	25.08	38800	19.53	2135	27.61	0.0152	1	361	9.729	314.2	3.993	12180	7.233	675.2	6.598	0.0245	1.051	15.1	1.678	608	8.585	28180	13.04	623.1	8.791	0.01449	0.8261	NA
217	J1	814	282	493	16	6573	316.3	1044	13.76	85510	51.04	7617	154.1	1.666	1.009	4302	216.9	1767	23.6	94350	55.87	6069	96.85	1.099	1.085	7875	365.4	672.8	8.764	82930	48.97	8547	184.1	2.024	0.9635	3722	336.2	358.1	5.603	40000	25.17	4080	83.71	0.9375	1.187	NA
218	J2	792	353	417	12	5523	291.4	1465	17.88	85150	52.59	6989	149.6	1.294	1.12	3539	202.9	2391	29.28	89050	51.9	5930	116.8	0.8357	1.176	7215	369.1	740.6	8.924	82380	53.62	7955	177.6	1.688	1.084	5524	254.3	403.2	4.977	80710	48.25	5927	154.6	1.333	1	NA
219	J3	274	140	129	0	443.6	34.98	1294	17.86	123600	49.03	1738	31.01	0.208	0.9927	518.3	36.55	2160	30.08	183300	70.08	2678	43.32	0.2286	1.093	309.2	31.24	345.9	4.582	62090	26.76	655.1	17.6	0.1628	0.8837	0	0	0	0	0	0	0	0	0	0	NA
220	J4	556	240	289	15	5143	291.8	1440	19.14	103800	44.25	6583	149.3	1.344	1.018	2162	175.8	2661	33.33	133600	52.92	4822	111.8	0.5958	1.163	7475	383.2	478.7	7.867	78630	37.23	7954	179.3	1.934	0.8997	6443	308.8	1074	12.75	85220	30.25	7516	160	1.733	1.067	NA
221	J5	641	279	330	22	5626	299.4	1472	19.19	112000	45.65	7098	147.8	1.367	1.12	3261	189	2415	30.35	140900	56.17	5676	95.37	0.871	1.28	7602	392	657.1	9.651	92690	38.38	8259	190.4	1.788	0.9788	6529	266.7	1665	22.64	60410	28.72	8194	149.2	1.5	1.136	NA
222	J6	370	196	147	21	5362	263.4	1571	22.63	161200	60.22	6934	140.2	1.416	1.049	3268	206.4	2281	27.73	189700	71.44	5549	110.2	0.9031	1.056	7764	319.4	807.9	18.74	136700	50.21	8572	180.2	2.02	0.9592	5413	257.2	528.3	6.077	81360	30.63	5942	79.83	1.81	1.476	NA
223	J7	437	246	163	20	5022	257.2	1532	19.77	118800	48.91	6554	126.6	1.297	1.103	2871	184.5	2153	27.05	133300	52.57	5024	89.35	0.748	1.179	7312	364.4	723.6	10.44	97340	43.44	8035	177.8	1.939	0.9755	7328	229	529.9	7.199	82500	32.6	7858	127.7	1.85	1.05	NA
224	J8	613	296	287	15	3791	221.7	1547	19.18	102000	46.29	5338	102	1.047	1.186	1658	132.3	2565	31.32	117900	50.53	4223	64.41	0.4899	1.358	6031	321.4	591.5	7.624	89100	42.19	6622	144.2	1.648	1.021	3337	180.1	486.5	6.926	63530	30.27	3824	77.45	0.6667	1.067	NA
225	J9	155	89	62	3	3398	202	1608	19.98	166700	61.92	5006	120.4	1.142	0.8903	2980	193.4	2142	26.86	196000	72.35	5122	124.7	1.101	0.8989	3895	215.1	697	10.19	130800	48.79	4592	119.4	1.177	0.8387	5743	174	1038	10.06	80660	32.17	6780	36.99	1.333	1.667	NA
226	J10	779	278	437	39	4865	296.3	1114	13.28	63430	30.62	5979	141.9	1.258	1.086	3997	295.4	2201	25.87	95440	42.91	6198	148	0.9964	1.191	5691	312.8	489	6.1	46920	24.48	6180	145.9	1.474	1.014	3693	240.2	754.7	8.881	41880	20.19	4448	108	1	1.154	NA
227	J11	279	163	110	5	4763	251.3	1467	18.97	141400	56.27	6230	141.7	1.341	1.004	3062	208.8	2020	26.44	162400	63.8	5082	116.8	0.7975	1.061	7340	302.1	698.3	8.62	112300	46.02	8038	183.4	2.191	0.9	3499	444.2	335.2	4.47	103400	29.53	3834	55.68	0.4	1	NA
228	J12	366	223	131	9	4945	230	1868	22.19	140300	55.18	6813	102.4	1.137	1.257	4209	181.8	2526	29.47	166200	63.03	6735	91.24	0.8251	1.256	6516	319.1	876.9	11.29	104200	43.31	7393	126.7	1.725	1.252	745.3	53.57	516.7	6.149	43030	23.73	1262	12.52	0.4444	1.556	NA
229	J13	357	171	170	7	11580	469.5	2019	23.02	179100	62.13	13600	188.1	2.524	1.336	10390	428.4	3170	36.49	218600	73.96	13560	182	2.199	1.409	12920	492.5	970.7	10.98	139500	49.98	13890	194.5	2.947	1.259	12480	817.2	204.7	4.345	65970	31.89	12690	240.7	0.8571	0.7143	NA
230	J14	529	267	242	11	3536	203.8	1957	23.33	142100	50.25	5493	102	0.7524	1.204	1014	85.8	3299	38.78	202900	68.48	4313	64.78	0.2772	1.318	6371	338.8	593.1	7.663	81600	32.18	6965	146.6	1.252	1.041	2665	157.8	435.5	4.434	51260	23.09	3101	69.9	1.182	1.727	NA
231	J15	148	96	48	1	4549	232.4	1369	20.81	181000	73.53	5918	165.5	1.311	0.8986	3824	227.7	1841	28.69	182200	80.63	5665	159.9	0.9896	0.8958	6358	259	366.6	5.169	171200	58.85	6724	188.8	2.042	0.8333	0	0	499	8.603	7165	7.55	499	8.603	0	1	NA
232	J16	361	152	192	13	6489	333.5	1406	16.88	126800	48.16	7895	156.3	1.465	1.18	3606	217.3	2194	25.92	165900	58.08	5800	121.7	0.8882	1.211	9252	446.6	796	10.33	99880	42.09	10050	193.3	2.005	1.156	647	68.07	403.2	6.821	70490	25.16	1050	46.37	0.1538	1.077	NA
233	J17	706	352	342	2	3424	202.6	6751	93.66	291700	112.8	10170	173.2	0.9688	1.091	1329	106.9	12660	174.6	476500	179.8	13990	198	0.3807	1.156	5572	301	598	9.302	90790	39.94	6170	147.8	1.573	1.009	0	0	353	4.791	49710	19.66	353	4.791	0	2	NA
234	J18	570	294	254	10	5360	236.8	1369	16.05	125100	51.09	6729	111.5	1.318	1.358	3993	141.8	1709	20.39	143300	55.44	5702	75.54	1.031	1.435	6460	341.1	1014	11.55	107700	43.85	7474	151.5	1.598	1.24	14300	322.5	987.8	11.23	62830	30.2	15290	109.7	1.5	2.1	NA
235	J19	298	160	102	21	4211	187.4	1402	18.88	127700	51.88	5613	101.7	1.047	1.232	2403	140.7	1854	22.66	149500	58.25	4257	81.65	0.6625	1.312	8120	299.1	1033	17.48	111400	49.79	9154	160.9	1.882	1.049	1309	61.27	476.7	6.289	70840	26.92	1786	22.56	0.4762	1.429	NA
236	J20	544	290	214	21	4872	259.9	1465	18.66	109100	43.49	6338	142.7	1.143	1.074	3003	169.4	2176	27.18	127900	49.58	5179	96.99	0.6345	1.21	7436	369	684.4	9.583	91630	37.79	8121	187.6	1.813	0.9206	4764	310	353.9	3.97	70150	27.4	5118	183.4	1.476	0.9524	NA
237	J21	407	160	227	9	664.5	38.78	1173	14.93	108400	41.53	1838	28.66	0.2211	1.103	320.7	27.64	2182	28.4	151700	58.11	2502	39.6	0.1688	1.169	813.6	44.9	450.5	5.714	79230	30.02	1264	20.62	0.2643	1.013	838.6	49.33	365	5.723	40740	18.35	1204	13.82	0.1111	1.222	NA
238	J22	644	365	265	5	4731	260.6	2050	25.14	96750	41.64	6781	122.1	1.207	1.165	2548	162.8	3124	36.95	100700	44.99	5672	77.64	0.674	1.299	7582	392	633.9	9.703	90790	37.14	8216	184.3	1.909	0.9774	1676	126	913.8	7.252	83860	35.52	2590	69.45	0.6	1.2	NA
239	J23	1141	530	579	11	7646	348.8	1389	17.56	96870	65.17	9035	161	1.943	1.117	5408	279	2021	24.9	100300	64.06	7429	133.4	1.366	1.175	9623	411.5	808.6	10.82	94610	67.05	10430	187.5	2.478	1.054	5977	250.3	1348	15.38	55510	28.12	7324	103.6	1.545	1.455	NA
240	J24	954	299	488	58	181.7	10.4	898.3	10.96	28200	12.78	1080	17.4	0.02306	0.9706	120.6	14.39	2107	24.88	50720	22	2227	33.55	0.01672	1.117	254.5	8.585	261.8	3.459	15090	7.45	516.4	8.07	0.02869	0.9303	0	0	910.9	13.32	35790	15.4	910.9	13.32	0	0.9138	NA
241	K1	1008	456	509	25	6361	308.6	1133	15.15	93980	55.25	7494	148.7	1.575	1.005	4673	231.7	1768	22.34	110500	60.85	6441	123.3	1.099	0.9912	7920	379.8	592.9	9.142	81240	51.42	8512	175.6	2.024	0.9745	6062	293.7	718.9	8.73	74690	40.5	6781	94.13	1.2	1.72	NA
242	K2	1104	476	571	29	5505	279.6	1344	17.86	93590	53.48	6848	119.4	1.389	1.139	3576	194.7	2076	27.74	108400	58.05	5652	93.37	0.9622	1.166	7071	350.2	824.3	10.76	84010	51.24	7896	141.7	1.755	1.124	6489	319.7	400.2	6.593	57190	30.78	6890	135.1	1.345	1.138	NA
243	K3	355	166	168	12	2104	125.6	1403	17.53	76260	31.53	3507	67.17	0.9352	1.096	1555	111.5	2525	30.62	113300	45.08	4079	62.43	0.7169	1.229	2733	140.8	396.4	5.535	43810	19.44	3130	71.17	1.155	0.9226	1477	111.2	303.1	5.96	40130	18.58	1780	92.53	1.083	1.167	NA
244	K4	130	52	60	4	5035	189.7	1025	15.69	292500	104.3	6061	98.31	1.992	1.031	2384	126.3	1023	13.78	302200	113.4	3407	77.7	1.154	0.8269	7514	261.6	1005	18.09	268700	97.43	8518	126.6	2.633	1.133	171.8	34.35	181.5	2.371	52050	32.72	353.2	4.3	0.25	0.5	NA
245	K5	388	183	160	23	2466	136.9	1306	16.62	103800	38.21	3772	85.46	0.9046	0.9665	1944	120.2	2271	28.67	146600	51.73	4215	85.85	0.5027	1.131	3228	167	342.3	5.14	65650	26.92	3571	98.12	1.337	0.7312	1167	53.58	721.1	7.553	54160	20.15	1888	27.75	0.5652	1.217	NA
246	K6	52	28	20	3	4316	270.8	962.3	14.26	146100	53.33	5279	188.6	0.5577	1.135	6659	397.6	1119	15.85	198400	66.46	7777	301.9	0.6071	0.9643	1901	147.5	837.8	13.91	90250	40.05	2738	66.59	0.6	1.3	0	0	474.7	4.782	70360	29.16	474.7	4.782	0	1.333	NA
247	K7	396	235	154	3	1871	122.5	1829	21	105200	41.99	3700	77.82	0.4091	1.076	1881	121.7	2657	29.92	127300	50.6	4538	98.17	0.3489	1.174	1908	127.2	632.5	8.109	73530	29.72	2540	49.27	0.4935	0.9416	0	0	151.3	2.855	54140	19.16	151.3	2.855	0	0.6667	NA
248	K8	304	135	155	10	878.9	66.82	1073	13.61	118800	44.06	1951	46.73	0.2961	0.8257	771.1	58.89	1946	24.1	156900	59.48	2717	45.25	0.237	0.9259	991.1	75.29	278.3	4.49	90510	32.31	1269	49.88	0.3484	0.7355	944.8	69.16	322.3	5.704	62840	25.36	1267	23.44	0.4	0.8	NA
249	K9	550	311	208	15	5301	252.9	1517	18.65	105900	52.57	6818	137.6	1.284	1.14	2776	179.2	2181	26.25	120300	56.96	4957	90.66	0.8103	1.322	9343	362.7	690.3	9.043	91180	48.06	10030	204.6	2.034	0.8894	4894	415.3	534.5	7.757	61170	32.92	5429	255.9	1.067	1.4	NA
250	K10	215	162	41	1	2769	182.5	1504	19.88	105700	49.57	4273	111.9	0.7674	0.9209	2196	150	1624	22.03	89090	47.45	3820	92	0.6667	0.9321	4823	281.6	1053	12.95	145600	53.7	5876	166.8	1.146	0.7805	4336	722.7	0	0	39210	41.06	4336	722.7	1	0	NA
251	K11	599	278	313	0	7259	307.2	1714	20.33	136300	58.27	8972	157	1.591	1.217	2208	142	2726	31.77	146900	60.91	4934	83.14	0.705	1.335	11790	454.8	845.6	10.56	127900	55.5	12630	223.1	2.387	1.105	0	0	0	0	0	0	0	0	0	0	NA
252	K12	466	281	161	8	3471	213.8	1301	17.58	114900	52.27	4772	99.79	0.9378	1.09	1811	130.8	1592	21.84	118500	55.89	3403	62.11	0.5694	1.128	6392	365.3	912.9	11.61	115200	48.08	7305	158.1	1.553	1.068	2884	170.1	639.9	8.388	63350	29.42	3524	127.1	1	1.125	NA
253	K13	459	177	239	21	4997	303.4	1179	15.67	109000	44.3	6176	142.8	1.194	1.111	3326	195	2209	27.94	149000	57.53	5535	97.46	0.8588	1.294	6482	390.1	549.3	8.466	89260	38.07	7031	184.2	1.51	0.954	5232	333.4	518.7	5.021	60510	24.1	5751	149.9	1	1.095	NA
254	K14	252	120	121	2	8933	433.1	1484	20.27	210000	89.51	10420	249.1	1.913	1.008	10100	509	2133	28.28	249600	102.4	12240	280.8	2.15	1.067	8082	381.8	862.9	12.53	160500	74.71	8945	233.3	1.719	0.9091	0	0	391.5	7.088	40280	28.81	391.5	7.088	0	1	NA
255	K15	100	58	34	1	4509	241.6	1705	19.56	152800	73.9	6213	100.2	0.92	1.13	4329	232.8	1710	19.33	153000	69.36	6039	87.75	0.8103	1.138	5390	269.1	789.9	15.29	127900	74.73	6180	122.9	1.088	1.059	0	0	285	5.089	4414	6.53	285	5.089	0	1	NA
256	K16	541	308	209	6	4909	271.8	1669	19.54	139000	51.45	6578	134.5	1.107	1.163	3026	192.7	2440	27.74	167900	58.13	5466	108.6	0.7208	1.256	7276	368.7	666.9	8.95	98730	41.62	7943	159.8	1.612	1.077	12420	618.1	321.8	5.309	95040	25.61	12740	471.4	1.667	1.167	NA
257	K17	404	165	203	19	3310	178.8	941.6	13.4	97220	38.19	4252	92.08	1.369	0.9975	2697	176.9	1596	22.72	157000	57.52	4293	74.08	1.091	1.127	3991	189.1	450.6	6.783	58280	25.6	4441	110.5	1.67	0.867	2878	136.8	477.5	6.112	45080	21.22	3355	41.07	1.158	1.368	NA
258	K18	505	253	235	9	10820	450.6	1721	21.74	144700	53.26	12540	246.1	2.03	0.9901	8898	439.8	2821	36.02	182800	67.76	11720	231	1.628	1.047	12700	467.6	638.1	7.677	101000	38.39	13340	262.4	2.447	0.9277	5943	151.1	408.8	4.443	51690	20.94	6352	85.88	1.111	1.444	NA
259	K19	586	365	175	0	12240	472.2	1996	24.19	233500	80.04	14240	251.8	1.954	1.126	7464	364.6	2580	29.92	235900	81.54	10040	175.9	1.373	1.26	21970	697.2	910.1	13.82	240000	79.37	22880	410.7	2.966	0.92	0	0	0	0	0	0	0	0	0	0	NA
260	K20	340	197	120	0	12550	427.5	1801	22.68	264900	115.4	14360	214.9	2.432	1.065	8712	309.8	1970	26.04	276400	118.4	10680	141.2	1.99	1.178	19220	613.8	1435	17.44	262000	105.9	20660	332.7	3.2	0.875	0	0	0	0	0	0	0	0	0	0	NA
261	K21	446	150	264	14	2421	148.6	1019	12.53	71320	26.16	3439	72.79	1.139	1.121	2916	174.8	2190	25.69	117100	39.74	5106	93.77	1	1.247	2212	136.8	403.3	5.657	47980	19.3	2615	62.98	1.258	1.053	3166	182	614.7	8.678	51550	18.16	3781	76.88	1.143	0.9286	NA
262	K22	98	27	56	0	3473	163	1280	15.93	371100	120.7	4752	83.07	1.622	1.163	3868	159.6	2343	30.34	301400	89.38	6210	60.08	1.185	1.259	3664	181.8	901.3	9.531	385400	124.5	4565	100.5	1.946	1.143	0	0	0	0	0	0	0	0	0	0	NA
263	K23	1099	482	582	15	6547	327.6	1316	15.82	83690	52.12	7864	149	1.575	1.077	4032	227.5	2045	25.21	90350	51.43	6077	104.7	0.9647	1.164	8740	415.3	761	8.64	75620	52.91	9501	188.3	2.074	1.012	2086	132.6	592.7	6.008	47030	26.94	2679	70.04	1.267	1.067	NA
264	K24	1042	387	490	50	39.18	2.988	955.4	12.51	28130	13.22	994.6	13.3	0.01919	0.9261	42.81	3.749	2048	26.77	49570	21.73	2091	28	0.02326	0.9819	44.71	2.994	271.1	3.409	13030	7.273	315.8	4.04	0.01837	0.9163	0	0	767.3	11.87	29510	14.56	767.3	11.87	0	1.12	NA
265	L1	1007	505	458	22	5688	280.5	1299	16.91	93240	50.22	6987	134.5	1.475	1.038	3236	190	1869	24.46	109900	52.19	5104	90.71	0.8257	1.069	8306	380.3	743.3	9.417	77040	48.69	9050	182.5	2.177	0.9978	6547	253.2	540.7	9.358	68720	34.28	7087	139.5	1.545	1.045	NA
266	L2	875	380	470	12	5680	295.2	1300	16.26	100500	49.7	6980	136.1	1.371	1.105	2844	179.4	2066	25.24	105800	51.98	4910	81.76	0.7421	1.179	8037	391.4	722.4	9.407	97420	48.52	8760	181.6	1.891	1.049	5437	311.7	406.3	8.2	64480	27.47	5843	78.21	1.167	1.167	NA
267	L3	75	27	36	3	2732	156.7	1017	14.81	275700	87.35	3749	82.48	1.16	1.107	1940	128.7	1548	25.33	281100	97.39	3488	97.24	0.9259	0.9259	3251	195	739.5	9.496	264200	82.48	3991	78.65	1.194	1.139	770.7	70.06	422.7	7.449	60300	33.38	1193	19.14	0.3333	1.333	NA
268	L4	508	282	193	23	4072	220.6	1649	20.26	117300	47.45	5722	102.4	1.161	1.165	2906	184.4	2446	29.39	149200	56.85	5352	78.76	0.7589	1.28	5854	284.1	677	9.291	79080	36.53	6531	144.3	1.762	0.9793	1983	70.47	390.9	5.405	56860	24.63	2374	49.07	0.7826	1.087	NA
269	L5	499	339	139	15	1396	104.3	1637	21.65	103100	45.61	3033	70.37	0.5731	1.116	972.3	73.47	2131	28.35	120600	52.58	3104	57.86	0.4248	1.159	2559	183.9	568.1	7.437	67700	31.7	3127	108.6	0.9856	0.9856	571.9	90.19	526.6	6.454	60220	26.66	1099	19.17	0.2667	1.267	NA
270	L6	225	116	99	5	5254	306.5	1082	14.75	126000	52.19	6335	155.1	1.271	1	3350	242.8	1467	19.36	124400	51.7	4817	109.2	0.8621	1.009	7668	367.4	669.5	9.335	124600	51.68	8338	211.3	1.808	0.9899	1862	291.5	253.4	3.732	59650	29.75	2116	96.09	0.4	0.6	NA
271	L7	627	401	193	13	4690	237	1902	21.04	133800	52.01	6592	117.9	0.9904	1.167	3515	172.9	2600	28.33	163100	58.38	6116	86.39	0.7506	1.264	7588	384.3	699.8	8.502	85770	40.94	8288	189.1	1.497	1.01	1351	132.8	605.9	6.144	37150	21.36	1957	58.62	0.5385	1.231	NA
272	L8	286	182	87	0	4962	302	2220	32.93	147200	67.02	7182	151.9	1.091	1.024	3334	220.5	2776	39.33	160700	72.11	6110	123.1	0.7747	1.099	7201	444.3	1348	24.24	114300	53.4	8549	204.6	1.54	0.8621	0	0	0	0	0	0	0	0	0	0	NA
273	L9	430	191	201	20	1055	66.13	1252	15.1	91490	39.59	2307	45.55	0.3256	0.9721	1149	64.8	2264	27.08	134900	56.06	3413	53.98	0.3351	1.115	750.1	64.19	433.9	5.246	50660	25.52	1184	35.84	0.2786	0.8109	311.1	40.21	285.6	4.141	37930	16.95	596.7	23.95	0.15	0.95	NA
274	L10	496	276	172	18	6122	319.9	1120	14.94	114800	53.16	7242	162.3	1.262	1.056	3616	204.1	1594	21.34	139600	55.7	5211	103	0.8261	1.134	8999	465.9	555.5	7.267	87490	53.71	9555	223.1	1.791	1	8059	485.4	464.3	5.1	35400	19.04	8524	306	1.278	1	NA
275	L11	270	160	101	2	3859	223.5	1470	18.34	106200	51.33	5329	136	1.059	0.9704	2080	139.9	2040	24.05	112600	54.17	4120	83.17	0.7375	1.062	6472	352.8	600.9	9.93	99460	47.85	7073	220.7	1.535	0.7822	8498	314.7	503.5	9.993	81830	26.64	9001	130.8	1.5	1	NA
276	L12	495	230	247	8	7291	323.8	1463	19.98	149400	61.41	8754	178.5	1.863	0.9899	5973	291.2	2495	33.22	217200	78.32	8468	154.8	1.357	1.161	8498	356.9	575.3	8.669	85550	41.13	9073	203.3	2.308	0.8462	8178	286.4	140.2	3.378	61850	140.8	8318	192.6	2.25	0.375	NA
277	L13	401	232	144	14	7030	352.7	1508	20.03	137300	53.71	8537	179.1	1.796	1.072	5643	333.2	2067	28.1	167700	64.08	7710	163.1	1.293	1.112	9850	416.2	704.9	8.181	101000	41.57	10550	224.5	2.729	0.9583	4909	221.4	1105	16.27	61990	27.59	6014	99.85	1.429	1.214	NA
278	L14	200	75	85	28	3719	188.6	769.4	10.58	122400	45.85	4488	86.98	1.105	1.13	3302	162.8	957.4	12.83	163700	59.66	4259	77.93	0.76	1.053	4894	250.8	741.3	10.42	101100	39.74	5636	115.2	1.541	1.118	1818	68.32	374.6	5.533	55800	24.35	2193	36.01	0.8571	1.214	NA
279	L15	330	187	125	6	6796	322.1	1333	17.02	120000	51.83	8130	130.4	1.694	1.191	4872	287.7	1625	19.88	120400	51.48	6497	106.8	1.139	1.246	9673	379.6	972	13.3	125300	54.22	10650	167.1	2.416	1.12	4583	295	630.7	7.347	44340	21.66	5214	54.8	1.167	1.5	NA
280	L16	694	362	317	0	5433	293.2	1729	20.86	149300	62.46	7162	149.3	1.447	1.112	4252	250.3	2671	31.84	188300	73.73	6924	137	1.108	1.221	6917	347	702.6	8.834	103100	49.77	7619	166.7	1.855	0.9874	0	0	0	0	0	0	0	0	0	0	NA
281	L17	150	66	74	5	2967	182.1	806.4	11.07	104800	50.36	3774	69.69	0.9467	1.06	1211	116.7	879.9	11.93	114900	47.99	2091	35.56	0.3788	1.076	4620	256	744.7	10.74	100600	55.11	5365	103.2	1.446	1	4401	92.54	1192	11.11	88280	30.68	5593	47.09	1.8	1.2	NA
282	L18	86	47	23	1	1695	108.6	1519	16.57	114900	47.24	3214	72.54	0.4419	1.012	931.5	77.62	1146	12.04	117300	49.53	2078	59.66	0.3404	0.9787	3190	203.7	1898	21.11	139200	49.79	5088	115.1	0.6957	0.913	0	0	1179	10.72	48770	19.33	1179	10.72	0	2	NA
283	L19	590	239	330	0	10720	330.9	1789	23.77	253900	115.3	12510	206.6	3.824	0.9051	9284	288.2	2256	29.06	274900	120.1	11540	181.9	3.703	1.008	11880	354.3	1512	20.59	243700	104.7	13390	222.8	3.994	0.8273	0	0	0	0	0	0	0	0	0	0	NA
284	L20	419	295	60	0	9506	428	927.4	13.69	201400	77.15	10430	297	1.718	0.7375	8586	396.1	959	14.65	210900	79.93	9545	274.3	1.556	0.7932	11700	532.5	647.6	9.401	195900	74.85	12350	408.8	2.083	0.5333	0	0	0	0	0	0	0	0	0	0	NA
285	L21	79	33	32	3	3697	186.1	1165	13.12	246400	93.93	4862	68.72	1.456	1.278	2195	140.7	1337	15.39	230100	87.17	3532	57.45	1.212	1.091	4479	200	909.7	10.6	263900	95.4	5389	82.8	1.719	1.25	0	0	925	7.744	66990	23.26	925	7.744	0	3	NA
286	L22	627	318	251	36	4747	255.5	1608	19.49	97690	39.58	6354	118.7	1.196	1.102	3077	190.5	2602	30.24	117000	46.06	5679	91.59	0.717	1.208	7008	351.8	554.2	7.928	78190	33.59	7562	160.5	1.837	0.988	3389	175.1	449.7	8.475	54690	24.28	3839	68.87	0.8611	0.9444	NA
287	L23	962	394	547	9	7078	301.6	1157	15.45	121200	64.99	8235	146.4	1.884	1.057	4421	226.8	1890	24.76	139500	70.88	6311	113.4	1.178	1.129	9134	357.7	656	9.107	109600	60.44	9790	171.7	2.419	1.018	3366	320.1	349.9	4.342	59170	46.21	3715	84.44	1	0.7778	NA
288	L24	896	248	464	48	138.8	6.214	693.6	9.388	25070	11.63	832.4	13.81	0.01451	0.9129	357.2	12.89	1636	22.67	46700	21.09	1993	34.94	0.01613	0.8911	60.75	4.36	303.1	3.876	14500	7.396	363.9	5.604	0.01078	0.9957	61.94	1.548	625	8.24	45110	16.78	686.9	9.789	0.02083	0.7083	NA
289	M1	487	194	283	3	6497	328.2	1017	13.85	103400	57.93	7514	150.9	1.84	0.9528	3677	243.7	1722	23.72	115300	64.39	5399	106.4	1.082	1.01	8461	387.4	555.8	7.394	96660	54.54	9016	182.8	2.375	0.9011	4537	129.6	242.3	5.548	101300	26.07	4779	135.2	1.333	1	NA
290	M2	469	154	291	14	6806	321.6	1121	14.44	78340	47.69	7926	144.9	1.684	1.021	3456	198.9	2005	26.63	98760	55.11	5461	85.12	0.9805	1.11	8405	389.9	707.4	8.612	69490	45.08	9112	177	2.041	0.9794	1544	129.2	375.9	5.15	23520	21.45	1920	52.9	0.7143	1.071	NA
291	M3	152	34	66	24	4050	199.1	713.9	8.773	102300	46.17	4763	71.31	0.9868	1.184	1543	115	515.2	7.821	141100	64.91	2058	38.4	0.6765	1.088	7537	333.2	822.1	9.319	123900	51.34	8359	119.8	1.561	1.167	1346	90.46	773.4	8.282	36210	22.08	2120	20.37	0.3333	1.417	NA
292	M4	224	122	92	1	310.5	26.84	1785	22.34	193500	74.16	2095	34.22	0.1964	1.036	300.9	26.43	2867	35.24	217500	84.35	3167	41.93	0.1803	1.164	315.3	26.77	410.6	5.05	128800	54.31	725.8	23.4	0.1957	0.8261	0	0	901	10.01	0	0	901	10.01	0	3	NA
293	M5	290	190	85	6	4215	240.5	986.7	15.54	168900	66.25	5202	134	0.9966	0.9759	2856	167.3	1214	18.56	177100	66.88	4070	83.4	0.7421	1.011	7609	415.4	565.1	10.46	167900	68.47	8174	244.4	1.576	0.8824	2386	281.3	413.5	5.088	51660	26.02	2799	267.1	0.5	1.333	NA
294	M6	69	47	8	9	3384	248.6	1298	14.16	113700	51.21	4682	100	0.8551	1.319	2515	207.8	1524	17.23	132200	58.85	4039	94.17	0.7872	1.447	7475	216.4	731	6.02	127800	48.18	8206	110.5	1.25	0.625	4403	439.5	854.6	7.149	51080	24.39	5257	154	0.6667	1.444	NA
295	M7	229	141	82	0	2013	117.4	1196	14.81	131700	53.31	3208	77.22	0.6463	1.009	1246	88.17	1611	19.89	153500	60.72	2857	70.71	0.4397	1.071	3470	174.9	549.2	6.871	101400	42.42	4019	92.35	1.037	0.939	0	0	0	0	0	0	0	0	0	0	NA
296	M8	257	149	101	1	5105	285.3	1975	24.06	189000	77.35	7080	140.8	1.339	1.062	4467	233.7	2735	31.97	223700	87.73	7203	117.1	1.208	1.154	6171	371.3	968.7	13.82	126300	58.56	7139	180.5	1.554	0.9604	0	0	0	0	18220	19.46	0	0	0	0	NA
297	M9	69	34	29	0	4683	291.1	1350	20.01	194700	83.37	6034	147.7	1.188	0.942	3093	198	1797	26.86	207200	89.41	4890	91.82	0.9412	1.029	7009	432.8	875.7	12.65	170100	72.5	7885	228.3	1.448	0.8276	0	0	0	0	0	0	0	0	0	0	NA
298	M10	71	39	24	1	5208	327.8	959.5	12.99	162000	66.96	6167	207	1.352	0.7042	6068	344.6	1374	18.76	197900	77.35	7442	260.9	1.615	0.6154	4649	337.6	530.7	6.107	97810	46.47	5180	125.8	1.083	0.875	2641	660.2	0	0	78880	29.26	2641	660.2	1	0	NA
299	M11	195	82	97	9	3809	245	828.4	11.11	130400	51.61	4637	140.2	1.015	0.8923	3300	210.5	1367	18.63	155000	61.97	4666	132.5	0.6341	0.9634	4468	272.8	426.2	5.776	114900	45.7	4894	163.1	1.381	0.7629	1802	163.8	347	4.602	75590	31.43	2149	35.6	0.6667	0.7778	NA
300	M12	470	236	199	15	6013	337.3	1191	15.93	115600	42.74	7204	155.4	1.287	0.9489	3199	207	1797	24.12	154500	53.2	4996	93.73	0.7881	0.9746	9938	510.6	520.7	6.99	81300	34.13	10460	239.8	2.01	0.8844	345.1	50.71	461.5	8.46	48980	21.07	806.6	14	0.2	1.067	NA
301	M13	10	8	2	0	956.8	78.82	1731	21.92	229300	102.4	2688	63.8	0.5	1	1196	98.53	1771	22.48	233600	106.9	2967	74.82	0.625	0.75	0	0	1572	19.72	212000	84.42	1572	19.72	0	2	0	0	0	0	0	0	0	0	0	0	NA
302	M14	338	137	183	8	5487	306.9	1302	18.49	151300	64.17	6789	180.4	1.308	0.8343	3368	228.3	2200	33.47	201000	78.22	5568	125.1	0.708	0.9197	7412	386.6	620	7.807	118000	54.71	8032	233.9	1.792	0.7322	925.1	51.4	536.5	7.25	62520	28.62	1462	24.39	0.5	1.5	NA
303	M15	14	12	1	0	536.2	25.94	1849	12.97	228700	69.58	2385	15.82	0.3571	2.357	547.7	22.47	1368	12.17	204200	64.7	1915	15.32	0.3333	1.917	0	0	523	6.62	244300	68.57	523	6.62	0	2	0	0	0	0	0	0	0	0	0	0	NA
304	M16	515	345	166	0	7848	415.8	1940	24.65	121400	54.31	9788	180.4	1.507	1.252	6663	384.8	2416	31.59	142400	59.73	9079	175.6	1.241	1.258	10160	481.1	981.5	10.55	78900	43.5	11140	192.1	2.054	1.229	0	0	0	0	0	0	0	0	0	0	NA
305	M17	289	155	122	2	5357	282.1	1074	14.28	158500	67.49	6432	153.9	1.488	0.9273	3381	225.3	1387	19.09	185400	76.28	4768	122.8	0.929	1	7359	344.4	708.8	9.002	123700	55.31	8068	191.8	2.131	0.8197	0	0	0	0	70780	47.03	0	0	0	0	NA
306	M18	286	177	101	4	2159	155.3	2479	33.22	153700	59.39	4638	92.98	0.5734	1.224	1438	97.06	3343	40.7	195500	71.79	4781	76.94	0.3842	1.294	3051	241.5	1116	21.77	88720	39.25	4167	116.2	0.8317	1.109	4607	237.9	902.2	17.37	23680	14.74	5510	83.23	1	1.5	NA
307	M19	291	130	149	8	5061	297.7	1292	14.86	124500	47.8	6353	145.1	1.278	1.003	3182	240.7	2260	25.76	169000	61.61	5442	104.5	0.7692	1.131	6980	357.9	419.6	5.436	88410	36.95	7400	187.6	1.758	0.8725	1817	141.8	693.2	8.072	97270	32.36	2510	63.1	1	1.125	NA
308	M20	411	251	152	7	5529	292.1	1566	21.03	138000	61.22	7095	148.1	1.241	1.071	3870	233.8	2126	29.05	164200	69.14	5995	110.9	0.9482	1.167	8033	386	705.8	8.605	93730	47.97	8738	207.5	1.664	0.9145	11210	369.6	332.6	5.372	94890	40.04	11540	207.1	2.429	1	NA
309	M21	264	32	119	90	4845	241.1	612.8	7.664	91510	36.19	5458	91.99	1.038	1.129	3534	282.3	595.6	6.872	147400	56.45	4129	89.15	0.6562	1.187	7681	316.8	675.2	8.882	110900	43.44	8357	132.8	1.739	1.025	2463	156.7	569.2	6.948	52820	21.74	3032	47.25	0.3778	1.189	NA
310	M22	283	158	119	3	374.7	29.84	934.7	11.13	151200	50.74	1309	25.65	0.1272	0.9223	453.6	36.69	1377	16.08	178300	58.15	1831	32.3	0.1139	1.044	282.8	21.23	375.1	4.919	115400	40.73	657.9	16.93	0.1429	0.7395	0	0	445.7	4.173	59920	24.37	445.7	4.173	0	1.667	NA
311	M23	653	333	299	8	6131	310	1454	18.11	108200	54	7585	154.1	1.556	1.061	3810	216.5	2108	25.38	116200	57.34	5918	118.4	1.051	1.123	8871	418.9	793.7	10.83	99780	51.71	9665	198.9	2.154	1	1423	81.66	391.5	5.888	60730	25.97	1815	75.42	0.875	1.25	NA
312	M24	608	155	342	25	89.53	4.666	731.9	9.327	28730	11.8	821.4	11.47	0.02303	0.9194	213.5	7.045	1877	24.61	58520	22.45	2090	27.25	0.02581	0.9806	35.42	2.77	287.4	3.463	15330	7.078	322.8	5.179	0.02047	0.9357	0	0	740.2	9.791	36400	13.7	740.2	9.791	0	0.6	NA
313	N1	395	125	245	15	5741	275.4	952	12.71	96810	55.19	6693	148.1	1.618	0.9468	3346	201.1	1669	22.21	111400	69.18	5015	96.88	0.96	0.976	7121	320.6	627.7	8.382	91510	49.79	7748	177.1	1.976	0.9143	4790	245.1	443.8	6.017	62930	33.9	5234	126.7	1.6	1.4	NA
314	N2	454	200	231	16	8803	354.2	982.3	13.41	113800	65.7	9785	183.8	2.33	1.015	4426	220	1602	21.91	110700	67.97	6028	117.3	1.415	1.11	12320	465.8	502.7	6.874	115900	65	12820	234.7	3.061	0.9307	7688	271.2	411.2	4.409	78760	53.35	8099	150.9	2.125	1.125	NA
315	N3	172	83	78	8	2468	168.4	1336	16.62	79720	37.22	3804	106	0.75	0.8779	1861	129.2	2181	27.73	94510	45.92	4041	95.77	0.5301	1.012	3296	221.6	524.7	6.141	58320	27.38	3821	121.7	0.9872	0.7436	851.6	64.5	124.6	1.374	72530	25.59	976.2	65.87	0.75	0.625	NA
316	N4	288	176	100	4	1825	121	1622	19.59	100600	38.45	3447	69.68	0.9792	1.076	1701	128.5	2376	28.56	129200	49.56	4077	81.74	0.8182	1.142	1848	106.7	448.1	5.551	49480	19.77	2296	47.22	1.14	1.01	673.2	71.71	567	8.463	75610	26.53	1240	37.92	0.75	1	NA
317	N5	296	144	115	24	2445	170	1110	13.06	83960	37.14	3555	76.28	0.7703	1.078	1286	109.2	1475	16.29	90280	41.27	2760	48.61	0.4653	1.139	4056	256.9	623.2	8.861	79700	34.28	4679	110.7	1.2	1.009	2047	136.7	1520	9.757	70100	29.51	3566	40.09	0.7083	1.167	NA
318	N6	171	89	73	7	4480	285.3	1572	20.86	145800	55.33	6052	154.4	1.035	1.023	1428	114.2	2192	29.42	178700	66.23	3620	61.07	0.5618	1.18	8452	511.9	972.8	12.48	114000	45.2	9425	280.5	1.603	0.8493	2507	142.2	389.6	5.38	64960	26.19	2896	34.9	1.143	1.143	NA
319	N7	195	132	60	0	3926	242.4	2040	25.56	116200	54.43	5966	132.1	1.021	1.026	3463	209.3	2587	31.65	126300	58.41	6050	113.8	0.8939	1.083	4583	300.3	926.9	13.24	87120	43.75	5510	154.1	1.267	0.9	0	0	0	0	0	0	0	0	0	0	NA
320	N8	180	106	68	1	7064	354	2045	29.21	157600	69.01	9109	158.8	1.661	1.172	6618	383.3	2405	36.46	167800	73.52	9022	180.4	1.509	1.123	7941	323.3	1479	18.23	130600	57.48	9420	130.5	1.897	1.206	0	0	370	4.933	10660	10.66	370	4.933	0	1	NA
321	N9	215	94	91	13	5693	335.6	1082	15.29	104900	46.16	6776	150.3	1.326	1.153	4179	303	895.5	13.18	104800	47.33	5074	133.1	0.9255	1.16	7890	387.7	1437	19.1	120700	49.98	9327	184.9	1.989	1.154	2359	255.4	481.6	7.667	64810	27.33	2841	116.1	0.5385	1.077	NA
322	N10	90	54	34	1	2648	122.2	1115	15.36	208000	70.79	3763	67.39	0.8556	0.8111	2947	116.6	1582	21.15	299800	91.59	4530	61.49	0.8519	0.8333	1666	123.1	416.3	6.704	66660	39.28	2082	74.39	0.7647	0.7647	0	0	306	6.245	67290	21.17	306	6.245	0	1	NA
323	N11	233	143	71	8	3589	204.9	1888	26.11	136300	52.2	5477	125.5	1	0.9399	1838	133	2428	32.88	149100	56.86	4266	92.27	0.6503	0.9301	6698	341.7	961.2	14.73	111400	43.17	7659	198.2	1.507	0.8732	8800	315.9	276.9	5.411	97220	35.31	9077	173	2.25	0.625	NA
324	N12	255	125	121	7	3749	254.6	1250	17.11	127700	54.91	4999	140.7	1	0.9765	1957	158.8	2142	29.62	168600	68.2	4099	83.25	0.592	1.104	5463	350.5	385.7	4.957	90190	43.17	5849	197.7	1.413	0.843	6763	347.8	620.1	8.507	78670	30.88	7383	191.3	1.286	1.286	NA
325	N13	97	48	41	2	6401	268.3	1833	20.18	154500	55.3	8234	177.7	2.412	0.9485	4852	260.9	2681	30.48	172300	61.89	7533	149.3	1.896	1.042	7356	244.9	707.9	7.371	103500	40.41	8064	185.4	2.878	0.8537	6838	300.9	90.5	2.919	115900	35.84	6929	213	3	0.5	NA
326	N14	360	238	119	2	4416	273.9	2246	27.23	142500	62.28	6662	139.1	1.103	0.9472	4170	259.3	3081	37.24	171600	72.92	7250	135.3	0.9706	0.9748	4729	299.1	623.7	7.694	79260	40.06	5353	145.9	1.353	0.8908	10020	417.4	172.5	5.049	43750	7.234	10190	151.5	1.5	1	NA
327	N15	165	108	55	0	5136	305.4	2083	23.08	134600	63.79	7219	134.7	1.297	1.23	4488	262.4	2701	29.32	147600	68.26	7189	121.9	1.009	1.222	6556	398.5	926.6	11.22	111300	55.85	7482	163.8	1.873	1.255	0	0	0	0	0	0	0	0	0	0	NA
328	N16	431	329	85	1	7977	383.8	1363	17.81	151100	57.61	9340	173.3	1.787	1.167	6357	335.7	1581	20.15	165000	59.89	7938	147.7	1.495	1.231	13950	569.9	681.6	10.75	107200	50.05	14640	270.7	2.824	0.9647	1679	239.9	0	0	17700	17.32	1679	239.9	1	0	NA
329	N17	67	40	21	4	2806	160.3	952.9	12.66	156900	59.11	3759	102.5	0.9104	1.075	2994	165.6	1037	14.62	163700	63.82	4031	125	0.85	1.15	2806	157.6	660.3	8.811	172600	60.3	3466	83.01	1.143	0.8095	1718	114.5	1548	12.57	38060	16.12	3266	17.52	0.5	1.75	NA
330	N18	172	43	110	11	4959	259.8	1031	14.38	116200	52.17	5990	146.3	1.209	0.9593	1834	181.9	1381	21.34	142900	56.78	3215	122.7	0.5814	0.9535	6045	307.3	956.7	12.71	108300	50.66	7002	170.1	1.445	0.9	5444	106.4	743.7	9.339	96480	41.34	6188	52.04	0.9091	1.273	NA
331	N19	348	155	166	13	3541	205	1134	15.1	110200	49.09	4675	110	0.9943	0.9943	2332	153.1	1848	24.17	141900	59.65	4180	76.95	0.5613	1.045	4690	255.7	566	7.783	82120	39.57	5256	142.4	1.337	0.9157	2114	135.8	472.8	8.397	62220	28.94	2587	132.5	1	1	NA
332	N20	289	187	91	7	3094	159.5	1761	22.74	143000	49.64	4855	80.08	0.8304	0.9862	1623	95.15	2354	30.29	167900	56.62	3977	54.74	0.508	1.027	5829	294.9	705.8	9.433	98940	37.44	6534	129.3	1.396	0.8901	7769	163.6	79.57	1.81	56080	20.17	7848	151.4	2	0.2857	NA
333	N21	385	176	180	19	3764	196.6	1052	13.3	102300	39.54	4816	104.3	1.145	0.9221	2492	153.3	1598	19.83	117300	44.39	4090	91.54	0.6193	0.9261	5324	251.9	617.9	8.179	92930	37.19	5942	125.5	1.739	0.8722	2530	156.8	288.1	4.653	69070	26.22	2819	71.07	0.7895	0.7368	NA
334	N22	234	110	108	7	1145	81.2	1146	15.98	94970	31.18	2291	49.33	0.7821	0.9786	1274	98.07	2028	28.92	142200	45.43	3303	58.07	0.7636	1.127	1146	72.49	323.9	4.154	54310	18.83	1470	46.44	0.8704	0.7963	462	40.28	950.7	10.3	44210	20.64	1413	13.28	0.5714	1.429	NA
335	N23	616	294	308	6	6987	315.2	1186	15.58	122600	69.33	8173	157.5	1.701	1.019	3320	180.9	1794	24.23	125400	70.72	5114	100.3	0.9626	0.9796	10700	450.2	628.1	7.682	118700	68.26	11330	214.2	2.438	1.052	1265	113.5	742.5	6.414	61950	28.83	2007	60.5	0.6667	1.167	NA
336	N24	683	199	363	36	218.5	10.39	741.2	9.797	26290	11.29	959.7	12.29	0.03075	0.9619	73.08	3.439	1673	22.3	48970	20.34	1747	23.49	0.03518	0.9698	365.9	16.93	299.5	3.884	15190	6.861	665.4	7.841	0.03306	0.9697	27.31	3.413	938.4	11.88	24600	11.15	965.7	12.33	0.02778	1.056	NA
337	O1	897	419	452	0	7776	363.5	1035	13.05	100900	54.24	8811	195.8	1.718	0.8729	5298	278.2	1356	17.68	106700	57.42	6654	154.4	1.286	0.8544	10070	442.6	742.7	8.923	96190	51.37	10820	234.6	2.119	0.8872	0	0	0	0	0	0	0	0	0	0	NA
338	O2	855	416	420	0	7283	338.6	1233	14.8	100700	54.72	8516	171.4	1.587	0.9673	5063	275.7	1679	20.71	108000	55.66	6742	143.6	1.077	1.05	9444	400.7	823.9	9.374	93360	53.63	10270	196.9	2.05	0.8857	0	0	0	0	0	0	0	0	0	0	NA
339	O3	471	178	282	7	3774	218.2	1162	15.37	88510	47.06	4936	125.8	1.225	0.8408	1991	149.1	1845	26.19	119300	59.27	3836	100.8	0.6742	0.8427	4945	261.1	749.3	8.86	69460	39.91	5694	138.6	1.585	0.8404	2265	137.2	468.3	5.194	76730	32.11	2733	99.04	1.143	0.7143	NA
340	O4	343	173	151	12	404.5	24.25	1194	15.63	107700	51.2	1598	22.54	0.1195	0.8251	615.1	34.43	2036	26.61	145800	67.01	2651	37.06	0.1387	0.9538	149.9	11.23	323.8	4.225	69710	35.04	473.7	7.33	0.07947	0.6755	65.5	8.187	412.1	5.767	38720	18.6	477.6	6.754	0.08333	0.75	NA
341	O5	364	188	167	5	4918	268.9	1200	16.25	119400	51.99	6119	147.5	1.343	0.8571	3435	238.9	1703	22.65	135900	60.28	5138	130.1	0.8777	0.9149	6564	302.3	679.9	9.646	104200	44.13	7244	166.3	1.88	0.7904	8848	440	329	4.963	75770	29.38	9177	234.9	1.6	0.8	NA
342	O6	229	127	91	2	3783	229.3	2265	27.65	163200	62.29	6049	114.9	0.7773	1.031	2589	183.6	3523	41.59	169100	67.32	6113	101.9	0.5197	1.094	5561	290	747.7	11.16	161900	54.8	6309	137.2	1.165	1	3570	595	410	6.523	22790	24.82	3980	80.64	0.5	1	NA
343	O7	369	244	113	0	4654	229.4	2032	25.35	154100	73.57	6685	117.6	1.466	1.005	2976	171.3	2532	31.83	150400	73.59	5509	95.65	0.9918	1.049	7901	355.4	791.2	10.13	140200	67.33	8692	158.8	2.31	0.9469	0	0	0	0	0	0	0	0	0	0	NA
344	O8	148	79	65	0	5497	299.2	1392	16.97	116900	72.72	6888	156.3	1.405	0.9122	4188	239.3	1674	20.77	107900	61.68	5862	148.9	1.063	0.8734	6784	343.6	1077	12.83	126600	67.94	7861	155.8	1.831	0.9846	0	0	0	0	0	0	0	0	0	0	NA
345	O9	644	449	135	0	5939	315.8	2153	27.89	175200	76.42	8092	156.1	1.38	1.073	4720	276	2682	34.22	175100	75.47	7402	141.5	1.049	1.127	9610	417.2	954.6	14.23	187100	83.22	10570	215.6	2.326	0.9481	0	0	0	0	0	0	0	0	0	0	NA
346	O10	251	157	88	0	3834	189.8	2063	25.63	131000	60.12	5897	125.2	0.9681	0.8406	1653	96.53	2875	35.73	157100	68.64	4528	76.78	0.6497	0.9299	7491	339	664	8.407	80330	44.74	8155	211.7	1.477	0.6591	0	0	0	0	0	0	0	0	0	0	NA
347	O11	327	149	157	13	1579	104.7	1332	15.58	79460	37.54	2911	60.55	0.5046	0.8899	1236	78.73	2270	25.27	101100	44.53	3506	54.22	0.396	1.074	1956	130	562.4	7.662	63730	31.25	2519	64.79	0.6178	0.7452	1208	117.1	507.3	5.042	36350	28.87	1716	79.73	0.3077	0.7692	NA
348	O12	232	115	114	2	2815	196.1	1449	19.04	106800	48.44	4264	102.1	0.8233	0.9612	1926	142.4	2303	29.84	128400	57.5	4228	77.8	0.6087	1.017	3785	255.5	614.1	8.438	85930	39.77	4399	129.1	1.061	0.9123	0	0	334.5	5.227	47570	18.47	334.5	5.227	0	0.5	NA
349	O13	487	216	251	7	5508	273.2	1296	16.86	108800	51.7	6804	132.1	1.292	0.9671	2514	143.2	1840	24.56	115800	51.88	4354	73.55	0.6389	1.037	8300	393.7	876.9	10.95	105400	51.97	9177	186.6	1.888	0.9084	887.1	73.56	551.6	9.555	29880	20.02	1439	18.47	0.4286	0.8571	NA
350	O14	656	312	310	20	6355	316.2	1294	17.32	124000	50.76	7649	155.7	1.701	0.936	4489	269.4	2086	27.51	154100	62.1	6575	130.2	1.144	0.9936	8388	373.4	595.3	8.258	101000	41.91	8983	185.6	2.332	0.8484	6843	280.5	460.1	8.18	52110	25.53	7303	126.1	1.35	1.15	NA
351	O15	398	205	181	7	3720	256.1	1046	14.04	82620	43.52	4765	125.4	0.9347	0.9472	3601	251.9	1534	20.36	99940	49.35	5135	117.3	0.8585	1.01	3693	250.6	498.3	7.068	65690	37.91	4191	134.2	1.022	0.8674	4939	214.3	551.3	7.455	39970	23.88	5490	113.5	1.143	1.286	NA
352	O16	427	247	99	38	4433	268.2	1310	16.38	70410	36.3	5743	118.8	1.056	1.183	3094	193.6	1691	21.39	81170	39.33	4785	101.2	0.753	1.182	6835	410.4	872.1	10.82	61100	34.62	7708	167.7	1.657	1.222	3562	263.5	604.2	5.815	39660	23.05	4166	115.6	1.079	1.184	NA
353	O17	454	188	234	19	3689	248.7	1480	19.17	97420	43.92	5169	115.2	1.018	0.9802	1851	141.7	2154	26.42	135000	54.5	4005	69.57	0.5479	1.016	5115	332.4	1064	14.79	72660	36.83	6179	157	1.35	0.9444	3795	257.5	278.3	4.855	52000	29.11	4073	77.71	1.421	1	NA
354	O18	473	230	233	4	4964	251.7	1355	17.09	140500	62.41	6319	147.9	1.178	0.9091	2240	129.6	2184	26.89	174500	73.81	4424	84.14	0.6348	0.9478	7605	367.3	580.9	7.958	101500	50.27	8186	206.6	1.695	0.8798	9450	514.9	260.8	4.281	80440	37.7	9711	300.2	2.75	0.75	NA
355	O19	313	142	148	13	3378	252.5	1123	14.96	127500	51.28	4500	163.7	0.6837	0.9808	1585	114	1850	24.53	169200	62.84	3435	72.66	0.3873	1.092	5195	382.1	508.6	6.954	92990	43.38	5704	255.6	0.9527	0.8243	1716	235	582.1	5.694	62420	25.12	2298	80.15	0.5385	1.231	NA
356	O20	313	162	142	2	6107	329.6	1514	20.34	146200	60.74	7621	154.6	1.246	1.15	3953	263.3	2364	31.91	180400	71.55	6317	124	0.784	1.198	8817	413.1	573.8	7.617	111300	49.05	9390	186.8	1.817	1.085	0	0	769.5	7.037	8880	7.694	769.5	7.037	0	1.5	NA
357	O21	584	335	238	2	3883	216.5	1424	17.61	102800	43.14	5308	110.3	1.12	1.014	2893	176.5	2020	24.99	119600	48.99	4913	88	0.7731	1.107	5341	271.7	617.7	7.731	81440	35.84	5959	141.6	1.634	0.8613	0	0	215	2.945	59670	18.39	215	2.945	0	1	NA
358	O22	552	362	174	3	501.3	36.75	1402	16.73	112300	46.92	1903	33.22	0.1395	1.031	329.9	30.25	1876	22.32	124600	51.38	2206	31.66	0.1298	1.099	863.8	51.98	510.1	6.219	80950	36.21	1374	38.11	0.1437	0.908	0	0	238.7	4.456	38190	18.48	238.7	4.456	0	1	NA
359	O23	950	439	450	36	6401	298.8	1188	15.74	88960	54.81	7590	146	1.566	0.9989	4831	232.7	1635	21.28	93540	59.99	6466	115.2	1.123	1.048	8056	364.8	842.1	11.58	86210	51.49	8899	178.3	2.022	0.9511	5291	265.1	546.9	5.282	72930	35.47	5838	107.4	1.528	1.056	NA
360	O24	800	284	400	31	107.1	7.308	889	11.93	34240	14.68	996.1	14.87	0.01875	0.9487	249.5	17.89	1910	25.67	64430	25.92	2159	32.33	0.02465	0.9718	30.58	1.514	288.4	3.92	16410	7.993	319	5.027	0.015	0.97	0	0	1103	12.07	20780	11.18	1103	12.07	0	1.258	NA
361	P1	767	476	262	4	6161	329.9	1004	13.95	93470	48.67	7165	185.5	1.425	0.7588	4501	297.1	1248	18.23	92180	47.87	5749	160.9	1.027	0.8004	8656	391.3	608.5	6.896	92120	48.19	9264	230.7	2.004	0.6985	3357	173.1	102.8	1.581	50180	19.67	3460	174.7	1	0.25	NA
362	P2	775	512	233	0	6206	319.4	1389	17.66	102700	54.17	7596	156.3	1.259	0.9097	4111	237	1590	21.23	99320	52.31	5701	115.9	0.8535	0.9375	10090	476.8	1087	11.58	107900	56.71	11180	231.3	1.996	0.8884	0	0	0	0	0	0	0	0	0	0	NA
363	P3	211	87	117	4	3989	218.1	981.5	12.77	87770	43.83	4971	105.1	1.166	0.891	2371	139.1	1543	20.44	94280	48.69	3914	80.26	0.8046	0.9195	5363	280.7	592.1	7.256	83730	41.19	5955	127.4	1.487	0.8632	1693	241.8	788	14.71	88230	28.46	2481	43.72	0.25	1.5	NA
364	P4	234	140	81	6	3111	198.5	1425	19.69	114900	49.45	4536	108.3	0.953	0.9274	2301	154.2	1630	21.37	124000	52.95	3931	76.98	0.7143	1.064	4348	268.9	1195	18.62	106900	45.67	5543	161.2	1.346	0.7284	6457	261	1028	11.33	47670	31.9	7484	88.41	1.5	1.167	NA
365	P5	369	139	202	10	4819	260.8	729.4	9.406	80660	38.39	5549	153.5	1.271	0.8076	1929	171.6	1079	13.83	94820	40.91	3008	98.06	0.5396	0.8993	7030	339.9	510	6.831	72150	36.7	7540	200.7	1.842	0.7426	3123	145.8	595.7	7.614	49920	22.67	3718	119.6	0.9	0.7	NA
366	P6	409	173	211	8	4726	247.8	892.2	11.57	71810	38.24	5618	132.2	1.132	0.8533	2655	158	1199	15.18	77540	41.7	3854	83.88	0.6416	0.8728	6460	317.9	689.3	9.28	69550	36.53	7149	177.8	1.545	0.8294	3649	196.2	206	4.552	48840	21.25	3855	76.82	1	0.75	NA
367	P7	559	320	199	0	5124	282.2	1095	14.59	90550	45.67	6219	150.2	1.224	0.8497	3897	223.2	1338	18.05	100900	49.23	5235	132.1	0.9781	0.8531	7104	379.9	739.7	9.448	80110	41.38	7844	176.3	1.598	0.8693	0	0	0	0	0	0	0	0	0	0	NA
368	P8	449	268	152	0	5390	254.7	913.6	12.15	109800	54.66	6304	135.3	1.339	0.833	3954	215.1	1051	14.95	121600	57.79	5005	112	1.034	0.8358	7429	313.7	735.5	7.952	85600	48.5	8164	173.5	1.822	0.8224	0	0	0	0	0	0	0	0	0	0	NA
369	P9	440	333	54	0	6921	306.8	1487	18.89	134200	78.07	8408	156	1.552	1.036	6223	290.1	1531	19.71	129300	72.11	7755	150.1	1.348	1.039	9606	344.6	1026	14.16	145300	85.2	10630	197.7	2.296	1.074	0	0	0	0	0	0	0	0	0	0	NA
370	P10	346	283	33	0	6474	306.4	1764	23.05	125800	65.34	8238	153.8	1.416	0.9769	5252	264.2	1735	22.91	119700	63.16	6988	124.5	1.24	0.9859	13710	538.4	1062	10.84	204300	86.44	14770	350.5	2.788	0.9394	0	0	0	0	0	0	0	0	0	0	NA
371	P11	305	126	150	15	4083	232.2	840.1	11.15	94300	45.03	4923	103.4	1.134	0.9246	2864	176.6	1276	16.61	108900	52.83	4140	98.78	0.7619	0.9524	5347	284.1	465.9	6.568	90530	42.18	5812	111.1	1.56	0.82	3611	216.7	705.5	7.849	37560	23.15	4317	82.5	0.5333	1.267	NA
372	P12	365	171	178	7	5438	281.2	930.6	12.21	108600	48.27	6369	136.7	1.293	0.9534	2943	189.2	1410	17.78	112400	50.8	4353	95.63	0.9006	1.076	7915	375.6	498.6	7.054	102300	45.94	8414	180	1.685	0.8483	5675	174.1	633.6	14.22	168800	57.83	6308	142.3	1.429	0.5714	NA
373	P13	242	119	111	5	4067	196.9	1186	15.86	91080	45.64	5253	99.97	1.132	0.9421	2036	117.6	1537	18.7	89920	46.68	3573	65.08	0.6134	0.9076	6370	284.7	890.1	13.68	98500	46	7260	141.5	1.703	0.964	279	46.5	554.4	12.36	28030	22.21	833.4	20.61	0.2	0.8	NA
374	P14	330	178	137	5	3629	236.1	1314	18.98	100300	47.84	4943	113.2	1.067	0.9636	2676	185.9	1624	22.36	116500	55.23	4300	87.25	0.8876	1.034	4921	304.8	980.2	15.17	80800	39.13	5901	145.8	1.307	0.8759	1175	117.5	366.4	7.152	34410	18.83	1541	124.7	0.4	0.8	NA
375	P15	250	143	94	2	3838	230.6	1034	12.83	91850	41.11	4872	127.7	1.06	0.872	2877	177.1	1369	16.63	104300	46.9	4246	100.5	0.8042	0.8881	5240	309.9	608.5	7.964	66780	31.16	5849	160.8	1.404	0.883	4611	192.1	747.5	9.523	91030	45.38	5358	58.88	1.5	1	NA
376	P16	587	343	223	11	6193	335.5	1407	17.54	104600	46.75	7600	170.1	1.375	1.003	4552	262.8	1788	21.35	116800	50.71	6340	140.1	1.076	1.023	8629	440.9	906.9	12.72	90430	41.97	9536	222.8	1.825	0.9372	8232	442.2	470.5	5.594	43140	26.68	8703	117.5	1.545	1.455	NA
377	P17	203	73	111	6	2869	169.4	824.6	11.32	94210	42.61	3693	78.49	0.7685	0.9754	1235	100.4	1347	18.41	123000	49.7	2582	46.67	0.4384	1.041	3882	210.1	465.7	6.575	74120	37.21	4348	99.52	0.955	0.9279	7731	444	873.7	14.89	73230	32.31	8604	141.1	1.5	1.167	NA
378	P18	309	155	143	4	4007	258.5	1101	15.8	98440	50.98	5108	126.4	1.074	0.8576	2752	184.7	1421	17.84	109600	54.41	4173	101.2	0.8129	0.929	5623	354.6	799	14.28	89090	48.57	6422	162.3	1.392	0.7622	786.2	73.94	592.8	7.274	26100	18.45	1379	17.23	0.5	0.75	NA
379	P19	244	83	139	13	5511	259.9	897.8	11.09	92900	42.05	6409	147.8	1.586	0.9508	3601	231.2	1267	15.23	113400	48.54	4868	131.7	1.012	1.036	6755	290.2	721.9	8.57	86810	39.82	7477	164.4	1.971	0.9209	1357	75.57	657.2	12.01	44770	25.32	2014	50.16	0.6923	0.6923	NA
380	P20	479	213	225	25	5950	278.5	830.9	10.94	88270	40.53	6781	158.3	1.482	0.8351	4391	212.6	1207	15.76	103500	46.68	5598	120.4	1	0.8779	7475	330.7	535.1	7.103	76690	36.1	8010	194.1	2.013	0.7733	6863	354.7	525.9	7.351	58240	30.05	7389	169.2	1.2	0.96	NA
381	P21	508	255	230	2	5001	261.2	1099	12.86	97990	46.03	6101	127.4	1.268	0.9606	3583	211.3	1602	18.39	122900	53.19	5184	101.1	0.9373	1.024	6517	321.8	533.9	6.801	74650	38.65	7051	161.4	1.596	0.8696	11800	448.3	956.5	7.518	43730	31.01	12750	113.5	3	2	NA
382	P22	523	255	240	0	5353	283	1139	14.03	81630	43.08	6492	136.5	1.296	0.956	4322	243.2	1449	17.27	87960	44.82	5770	116.1	0.9529	0.9647	6211	308.9	831.4	10.74	74680	41.74	7043	150	1.675	0.9583	0	0	0	0	0	0	0	0	0	0	NA
383	P23	855	381	441	18	6275	301.8	1027	12.95	84430	43.76	7301	159.7	1.402	0.8842	3603	192.1	1538	18.66	98080	45.64	5141	113.2	0.7402	0.8819	8852	408.8	628.7	8.483	73540	43.23	9480	204.3	2.02	0.8957	3258	166.4	494.4	7.576	57380	26.77	3753	104.7	0.7778	0.8333	NA
384	P24	1016	298	516	70	183.9	8.799	724.1	9.774	32090	13.58	908.1	12.81	0.03543	0.8671	87.31	5.608	1729	23.32	64730	25.8	1816	25.63	0.0302	0.9295	137.6	6.421	244.6	3.238	15320	7.303	382.1	5.532	0.03488	0.814	58.8	5.62	712	8.691	33460	14.63	770.8	9.397	0.02857	0.9429	NA
